Learning tags using data from a2_data/sents.train5_trn...
Saving model...
Testing model using data from a2_data/sents.train5_tst...
Took 104574 ms to tag 3984 lines. 
     	 NNPS    JJ   POS   RBS   RBR   PRP    MD    FW    VB    LS    IN -LRB-     :    RP   JJS   JJR    CD    CC   WP$   WRB    UH     .   SYM     ,    RB    EX   VBZ     $     #   NNS   PDT    ``   VBP   NNP   VBN    NN    TO   VBG    WP   VBD -RRB-   WDT  PRP$    ''    DT 
 NNPS	    1     7     2     0     0     4     0     0     0     0     2     0     0     0     0     0     1     0     0     0     0     5     0     1     3     0     2     0     0   107     0     0     0   108     3    16     0     1     0     0     0     4     0     3     7 

   JJ	    0  5251    10     0     0    14     5     0    23     0    24     0     0     1     0     1    26     5     0     0     2    32     0     8    63     0     4    14     0    27     0     6     5   148   120   164     5    14     0    11     0     1     2    16   112 

  POS	    0     0   836     0     0     0     0     0     0     0     0     0     0     0     0     0     0     0     0     0     0     1     0     0     0     0    24     0     0     0     0     0     0     0     0     0     0     0     0     0     0     0     0     2     0 

  RBS	    0     0     0    39     0     1     1     0     0     0     0     0     0     0    17     0     0     0     0     0     0     0     0     0     0     0     1     0     0     0     0     0     0     0     0     0     0     0     0     0     0     0     0     0     1 

  RBR	    0     2     0     0    89     0     0     0     0     0     1     0     0     0     0    52     0     2     0     0     0     0     0     2    29     0     0     0     0     1     0     0     1     2     2     0     0     0     0     0     0     0     0     0     0 

  PRP	    0     1     0     0     0  1538     0     0     0     0     0     0     0     0     0     0     0     0     0     0     0     1     0     0     0     0     1     0     0     0     0     0     0     0     2     0     0     0     0     0     0     0     2     1     1 

   MD	    0     0     0     0     0     1   892     0     1     0     0     0     0     0     0     0     0     0     0     0     0     0     0     0     0     0     0     0     0     0     0     3     3     0     0     2     0     0     0     2     0     0     0     0     0 

   FW	    0     4     1     0     0     4     0     0     0     0     4     0     0     0     0     0     0     1     0     0     0     4     0     0     0     0     1     0     0     1     0     0     0     5     1     8     0     0     0     0     0     1     0     0     1 

   VB	    0    10     0     0     0     2     0     0  2327     0    19     0     0     0     0     0     0     3     0     0     0     1     0     5     6     0     1     1     0     6     0     0    43     8    11    43     0     0     0     9     0     0     0     5     7 

   LS	    0     0     0     0     0     0     0     0     0     0     0     0     0     0     0     0    11     0     0     0     0     0     0     0     0     0     0     0     0     0     0     0     0     0     0     0     0     0     0     0     0     0     0     0     0 

   IN	    0     7     0     0     0     1     0     0     1     0  9617     0     0    27     0     0     1     0     0     0     0     0     0     0   130     0     0     3     0     1     0     0     0     3     1     0     0     1     0     0     0     4     0     0    33 

-LRB-	    0     4     0     0     0     0     0     0     0     0     0   109     0     0     0     0     0     0     0     0     0     0     0     0     0     0     0     0     0     0     0     0     0     0     1     2     0     0     0     0     0     0     0     0     2 

    :	    0     1     0     0     0     0     0     0     0     0     0     0   436     0     0     0     0     0     0     0     0     1     0     0     0     0     0     0     0     0     0     0     0     1     1     0     0     0     0     0     0     0     0     1     1 

   RP	    0     2     0     0     0     0     0     0     0     0   105     0     0   107     0     0     0     0     0     0     0     0     0     0    79     0     0     0     0     0     0     0     0     1     0     0     0     0     0     0     0     0     0     0     0 

  JJS	    0     8     0     2     0     0     0     0     0     0     0     0     0     0   160     0     0     0     0     0     0     1     0     0     1     0     1     0     0     0     0     0     0     1     0    11     0     1     0     1     0     0     0     0     1 

  JJR	    0    11     0     0    18     1     0     0     6     0     0     0     0     0     0   240     0     0     0     0     0     1     0     1    19     0     0     1     0     1     0     1     0    12     2     0     0     0     0     2     0     0     0     3     2 

   CD	    0     6     0     0     0     4     0     0     0     0     2     0     0     0     0     0  3997     0     0     0     0     0     0     0     0     0     0     0     0    18     0     1     0     0     0     4     0     0     0     0     0     0     0     2     1 

   CC	    0     0     0     0     0     0     0     0     1     0     2     0     0     0     0     0     0  2374     0     0     0     0     0     0     7     0     0     0     0     0     0     0     0     0     0     0     1     0     0     0     0     0     0     0    11 

  WP$	    0     0     0     0     0     0     0     0     0     0     0     0     0     0     0     0     0     0    14     0     0     2     0     0     0     0     0     0     0     0     0     0     0     0     0     0     0     0     0     0     0     0     0     0     0 

  WRB	    0     0     0     0     0     4     0     0     0     0     0     0     0     0     0     0     0     0     0   205     0     1     0     0     1     0     0     2     0     2     0     0     0     0     2     0     0     0     0     0     0     0     0     0     1 

   UH	    0     1     0     0     0     0     0     0     1     0     0     0     0     0     0     0     0     1     0     0     1     0     0     0     4     0     0     0     0     0     0     1     0     1     0     1     0     0     0     0     0     0     0     0     0 

    .	    0     0     0     0     0     0     0     0     1     0     0     0     0     0     0     0     0     0     0     0     0  3966     0     0     0     0     0     1     0     0     0     0     0     0     0     0     0     0     0     0     0     0     0     1     0 

  SYM	    0     0     0     0     0     0     0     0     0     0     0     0     0     0     0     0     0     0     0     0     0     0     0     0     0     0     0     0     0     0     0     0     0     3     0     0     0     0     0     0     0     0     0     0     1 

    ,	    0     0     0     0     0     0     0     0     0     0     0     0     0     0     0     0     1     0     0     0     0     0     0  4706     0     0     0     0     0     0     0     0     0     0     0     0     0     0     0     0     0     0     0     0     0 

   RB	    0    93     1     0     5     9     4     0     8     0   153     0     0    10     2     0     2     2     0     0     0    12     0     7  2573     1     4     0     0    16     0     2     5    15    11    29     1     1     0     6     1     0     0     6    30 

   EX	    0     0     0     0     0     0     0     0     0     0     0     0     0     0     0     0     0     0     0     0     0     0     0     0    16    70     0     0     0     0     0     0     0     0     0     0     0     0     0     0     0     0     0     0     0 

  VBZ	    0     7    14     0     0     0     3     0    10     0    20     0     1     0     0     0     1     0     0     1     0     5     0     9     0     0  1741     1     0    71     0     1     2     7     3     8     0     0     0     8     1     0     0    16     5 

    $	    0     0     0     0     0     0     0     0     0     0     0     0     0     0     0     0     0     0     0     0     0     0     0     0     0     0     0   845     0     0     0     0     0     0     0     0     0     0     0     0     0     0     0     0     0 

    #	    0     0     0     0     0     0     0     0     0     0     0     0     0     0     0     0    14     0     0     0     0     0     0     0     0     0     0     0     0     0     0     0     0     0     0     0     0     0     0     0     0     0     0     0     0 

  NNS	    0    41     4     0     0    37    17     0    21     0    10     0     1     0     0     0    10     1     0     0     3    18     0    16     3     0    27     2     0  5528     0     2     8   103    37   116    14     3     0     2     1     6     0    27    28 

  PDT	    0    15     0     0     0     0     0     0     1     0     0     0     0     0     0     0     0     0     0     0     0     0     0     0     2     0     0     0     0     0    26     0     0     0     0     1     0     0     0     0     0     0     0     0    10 

   ``	    0     0     0     0     0     0     0     0     0     0     0     0     0     0     0     0     0     0     0     0     0     0     0     0     0     0     0     0     0     3     0   648     1     1     0     0     2     0     0     0     0     0     0     0     0 

  VBP	    0     4     1     0     0     0     1     0   109     0    15     0     0     0     0     0     0     0     0     0     0     4     0     1     0     0     3     0     0     4     0     0   968     7     4    57     1     4     0    10     0     0     0     4     0 

  NNP	    0   401    15     0     0   108     5     0    26     0    27     0     0     0     0     4    24     4     0     0    10    52     0    40    18     0    27    24     0   132     0    12     4  6869    30   717    12     8     0     6     7    12     1    43   131 

  VBN	    0   101     0     0     0     4     1     0     7     0     5     0     1     0     0     0     3     2     0     0     1     1     0     7     7     0     1     5     0    18     0     0     1     6  1547     9     2     1     0   145     0     0     0     7    19 

   NN	    0   259     8     0     0    36     7     0    45     0    18     0     1     0     0     0    29     4     0     0     2    42     0    15    17     0    12    17     0    89     0     7    11   418    27 11917     6    27     0     6     0     1     0    23    68 

   TO	    0     0     0     0     0     0     0     0     0     0     0     0     0     0     0     0     0     0     0     0     0     0     0     0     0     0     0     0     0     0     0     0     0     0     0     0  2223     0     0     0     0     0     0     0     0 

  VBG	    0    76     1     0     0     1     0     0    26     0    51     0     0     0     0     0     3     5     0     0     0    11     0     5    10     0     2     9     0     8     0     9     2    18    22   105     4   953     0     7     0     0     0    10    53 

   WP	    0     0     0     0     0     0     0     0     1     0     0     0     0     0     0     0     0     0     0     0     0     0     0     0     0     0     0     0     0     0     0     0     0     0     0     0     0     1   207     0     0     0     0     0     2 

  VBD	    0    18     3     0     0     0     0     0    13     0    36     0     0     0     0     0     4     1     0     0     0     8     0    14     1     0     5     1     0     9     0     0     6    17   148    11     1     6     0  2801     0     0     0     3     6 

-RRB-	    0     0     0     0     0     0     1     0     0     0     1     0     0     0     0     0     1     0     0     0     0     1     0     0     0     0     0     0     0     0     0     0     0     0     0     0     0     0     0     1   115     0     0     0     0 

  WDT	    0     1     0     0     0     0     0     0     1     0    53     0     0     0     0     0     0     0     0     0     0     0     0     0     0     0     0     1     0     0     0     0     0     0     0     0     0     0     0     0     0   333     0     0     5 

 PRP$	    0     0     0     0     0     1     0     0     0     0     0     0     0     0     0     0     0     0     0     0     0     0     0     0     0     0     0     0     0     0     0     0     0     0     0     1     0     0     0     0     0     0   738     0     0 

   ''	    0     0     5     0     0     0     1     0     0     0     0     0     0     0     0     0     0     0     0     0     0     0     0     0     0     0     0     0     0     0     0     0     0     0     0     0     0     0     0     0     0     0     0   638     0 

   DT	    0     0     0     0     0     0     1     0     1     0    41     0     0     0     0     0     2     0     0     0     0     0     0     0    11     0     0     0     0     1     0     0     0     0     0     6     0     0     0     0     0    22     0     0  7814 

  POS	 Rec.	Prec.	F1
 NNPS	1.0000	0.0036	0.0072
   JJ	0.8294	0.8588	0.8439
  POS	0.9279	0.9687	0.9478
  RBS	0.9512	0.6500	0.7723
  RBR	0.7946	0.4863	0.6034
  PRP	0.8689	0.9942	0.9273
   MD	0.9499	0.9867	0.9680
   FW	  NaN	0.0000	  NaN
   VB	0.8848	0.9282	0.9060
   LS	  NaN	0.0000	  NaN
   IN	0.9423	0.9783	0.9600
-LRB-	1.0000	0.9237	0.9604
    :	0.9909	0.9864	0.9887
   RP	0.7379	0.3639	0.4875
  JJS	0.8939	0.8511	0.8719
  JJR	0.8081	0.7477	0.7767
   CD	0.9678	0.9906	0.9791
   CC	0.9871	0.9908	0.9890
  WP$	1.0000	0.8750	0.9333
  WRB	0.9951	0.9404	0.9670
   UH	0.0526	0.0909	0.0667
    .	0.9511	0.9992	0.9746
  SYM	  NaN	0.0000	  NaN
    ,	0.9729	0.9998	0.9862
   RB	0.8577	0.8551	0.8564
   EX	0.9859	0.8140	0.8917
  VBZ	0.9375	0.8997	0.9182
    $	0.9115	1.0000	0.9537
    #	  NaN	0.0000	  NaN
  NNS	0.9148	0.9083	0.9115
  PDT	1.0000	0.4727	0.6420
   ``	0.9351	0.9893	0.9614
  VBP	0.9132	0.8087	0.8578
  NNP	0.8859	0.7833	0.8314
  VBN	0.7833	0.8138	0.7982
   NN	0.9009	0.9089	0.9049
   TO	0.9784	1.0000	0.9891
  VBG	0.9334	0.6851	0.7902
   WP	1.0000	0.9810	0.9904
  VBD	0.9284	0.9001	0.9140
-RRB-	0.9200	0.9583	0.9388
  WDT	0.8672	0.8452	0.8560
 PRP$	0.9933	0.9973	0.9953
   ''	0.7867	0.9907	0.8770
   DT	0.9355	0.9892	0.9616


     	0.8994	0.7603	0.8477
