Learning tags using data from a2_data/sents.train1_trn...
Saving model...
Testing model using data from a2_data/sents.train1_tst...
Took 104330 ms to tag 3984 lines. 
     	 NNPS    JJ   POS   RBS   RBR   PRP    MD    FW    VB    LS    IN -LRB-     :    RP   JJS   JJR    CD    CC   WP$   WRB    UH     .   SYM     ,    RB    EX   VBZ     $     #   NNS    ``   PDT   VBP   NNP   VBN    NN    TO   VBG    WP   VBD -RRB-   WDT  PRP$    ''    DT 
 NNPS	    2    20     0     0     0     2     0     0     1     1     1     0     0     0     0     0     2     0     0     0     0     1     0     0     0     0     2     0     0   107     1     0     0   122     0    18     1     0     0     0     0     0     0     3     1 

   JJ	    0  5572    10     0     0    16     3     0    28     0    19     0     0     0     0     0    23     7     0     1     2    18     0     9    57     0     5    16     0    40     4     9     5   163   171   182     5    19     0     8     0     6     0    20   128 

  POS	    0     0   883     0     0     1     0     0     0     0     0     0     0     0     0     0     0     0     0     0     0     0     0     0     0     0    17     0     0     0     0     0     0     0     0     0     0     0     0     0     0     0     0     0     0 

  RBS	    0     0     0    22     0     0     0     0     0     0     0     0     0     0    13     0     0     0     0     0     0     0     0     0     3     0     0     0     0     0     0     0     0     1     0     0     0     0     0     0     0     0     0     0     0 

  RBR	    0     0     0     0    67     0     0     0     0     0     0     0     0     0     0    56     0     2     0     0     0     0     0     0    43     0     0     0     0     0     0     0     0     0     0     0     0     0     0     1     0     0     0     0     0 

  PRP	    0     0     1     0     0  1785     0     0     5     0     0     0     0     0     0     0     1     0     0     0     0     1     0     1     1     0     1     0     0     0     0     0     1     2     3     1     0     0     0     0     0     0     1     0     1 

   MD	    0     1     0     0     0     0   993     0     0     0     1     0     0     0     0     0     0     0     0     0     0     0     0     0     0     0     0     0     0     0     0     0     0     1     0     3     0     0     0     2     0     0     0     0     0 

   FW	    0     0     1     0     0     1     0     0     0     0     2     0     0     0     0     0     1     0     0     0     2     1     0     0     0     0     0     1     0     1     0     0     0    17     1     5     0     0     0     0     0     0     0     1     2 

   VB	    0     5     0     0     0     2     0     0  2551     0    16     0     0     0     0     0     1     3     0     0     1     3     0     3     7     0     3    10     0     5     2     0    44     8    11    41     0     5     0    10     0     0     0     1    13 

   LS	    0     2     0     0     0     0     0     0     0     0     0     0     0     0     0     0     0     0     0     0     0     0     0     0     0     0     0     0     0     0     0     0     0     4     0     0     0     0     0     0     0     0     0     0     0 

   IN	    0    10     0     0     0     0     0     0     2     0  9579     0     0    20     0     0     0     2     0     0     0     0     0     1    62     0     0     4     0     0     0     0     1     7     0     1     0     0     0     0     0     1     0     1    37 

-LRB-	    0     4     0     0     0     0     1     0     2     0     0   149     0     0     0     0     0     0     0     0     0     0     0     0     1     0     1     0     0     0     0     0     0     0     2     0     1     1     0     0     0     0     0     0     5 

    :	    0     0     0     0     0     0     0     0     0     0     0     0   450     0     0     0     0     0     0     0     0     0     0     0     0     0     0     0     0     0     0     0     0     0     0     0     0     0     0     0     0     0     0     0     0 

   RP	    0     1     0     0     0     0     0     0     1     0   107     0     0   104     0     0     0     0     0     0     0     0     0     0    70     0     0     0     0     1     0     0     0     0     0     0     0     0     0     0     0     0     0     0     0 

  JJS	    0    15     0     3     0     1     1     0     0     0     1     0     0     0   158     0     1     0     0     0     0     1     0     0     0     0     1     0     0     0     0     0     0     1     3     3     0     0     0     0     0     0     0     0     3 

  JJR	    0    18     0     0    15     2     0     0     1     0     1     0     0     0     0   262     0     1     0     0     0     0     0     2     5     0     0     1     0     6     0     0     1     3     4     2     0     1     0     3     1     0     0     1     9 

   CD	    0     1     0     0     0     3     0     0     1     0     1     0     0     0     0     0  3430     0     0     0     0     2     0     0     0     0     0     1     0     6     0     0     0     2     0     3     0     0     0     0     0     0     0     0     4 

   CC	    0     0     0     0     1     0     0     0     0     0     2     0     0     0     0     0     0  2399     0     0     0     0     0     0     7     0     1     0     0     0     0     0     0     0     0     0     0     0     0     0     0     0     0     0    13 

  WP$	    0     1     0     0     0     1     0     0     0     0     0     0     0     0     0     0     0     1    13     0     0     2     0     0     0     0     0     0     0     0     0     0     0     1     0     0     0     0     0     0     0     0     0     0     0 

  WRB	    0     0     0     0     0     3     0     0     0     0     1     0     0     0     0     0     0     0     0   196     0     0     0     0     0     0     0     0     0     1     0     0     0     1     0     1     0     1     0     0     0     0     0     0     0 

   UH	    0     0     0     0     0     0     0     0     0     0     0     0     0     0     0     0     0     0     0     0     0     0     0     0     3     0     0     0     0     0     0     0     1     1     0     0     0     0     0     0     0     0     0     0     0 

    .	    0     0     0     0     0     0     0     0     0     0     0     0     0     0     0     0     0     0     0     0     0  3940     0     0     0     0     1     0     0     0     0     0     0     0     0     0     0     0     0     0     1     0     0     2     0 

  SYM	    0     0     0     0     0     0     0     0     0     0     0     0     0     0     0     0     0     1     0     0     0     0     0     0     0     0     0     0     0     0     0     0     0     0     0     0     0     0     0     0     0     0     0     0     0 

    ,	    0     0     0     0     0     0     0     0     0     0     0     0     0     0     0     0     0     0     0     0     0     0     0  4766     0     0     0     0     0     0     0     0     0     0     0     0     0     0     0     0     0     0     0     0     1 

   RB	    0    80     0     0     7     7     8     0    21     0   208     0     0    34     0     0     3     0     0     0     0    10     0     7  2626     1     3     1     0    12     0     0     2    17    19    26     5     1     0     3     1     2     0     6    23 

   EX	    0     0     0     0     0     0     0     0     0     0     0     0     0     0     0     0     0     0     0     0     0     0     0     0    10    60     0     0     0     0     0     0     0     0     0     0     0     0     0     0     0     0     0     0     0 

  VBZ	    0    10    11     0     0     1     3     0     8     0    23     0     0     0     0     0     0     0     0     2     0     6     0     9     0     0  1927     0     0    66     0     0     2    10     7     7     1     4     0    10     0     1     0    12    12 

    $	    0     0     0     0     0     0     0     0     0     0     0     0     0     0     0     0     0     0     0     0     0     0     0     0     0     0     0   595     0     0     0     0     0     0     0     0     0     0     0     0     0     0     0     0     0 

    #	    0     0     0     0     0     0     0     0     0     0     0     0     0     0     0     0    27     0     0     0     0     0     0     0     0     0     0     0     0     0     0     0     0     0     0     0     0     0     0     0     0     0     0     0     0 

  NNS	    0    45     4     0     0    26    12     0    18     0    13     0     0     0     0     0     8     3     0     0     1    21     0    19     7     0    31     8     0  5494     4     0     6   123    38   120    13     4     0     3     2     2     0    22    24 

   ``	    0     0     0     0     0     1     0     0     0     0     0     0     0     0     0     0     1     0     0     0     0     0     0     0     0     0     1     0     0     5   699     0     0     1     0     0     0     0     0     1     0     0     0     0     0 

  PDT	    0     6     0     0     0     0     0     0     0     0     0     0     0     0     0     0     0     0     0     0     0     0     0     0     1     0     0     0     0     0     0    24     0     0     0     0     0     0     0     0     0     0     0     0     2 

  VBP	    0     3     0     0     0     0     2     0   106     0    16     0     0     0     0     0     0     0     0     0     0     5     0     3     1     0     9     1     0     2     0     0  1028     7     1    60     0     2     0     8     0     0     0     2     4 

  NNP	    0   382    19     0     0    85     6     0    36     2    27     1     0     0     0     1    30     5     0     0     2    59     0    58    10     0    19    21     0    94    18     0     1  7089    26   771    13     6     0    12     3    27     0    50    88 

  VBN	    0    74     0     0     0     7     2     0    11     0     7     0     0     0     0     0     3     0     0     0     0     7     0     3     8     0     0     4     0    18     6     0     0     9  1534    13     4     0     0   141     0     1     0     6    14 

   NN	    0   306    10     0     0    40     4     0    46     0    14     0     1     0     0     0    24     1     0     0     7    54     0    20    18     0    10    14     0    81     6     0     5   403    28 11964     9    23     0     4     2     9     1    36    73 

   TO	    0     0     0     0     0     0     0     0     0     0     0     0     0     0     0     0     0     0     0     0     0     0     0     0     0     0     0     0     0     0     0     0     0     0     0     0  2259     0     0     0     0     0     0     0     0 

  VBG	    0    74     4     0     0     4     0     0    13     0    65     0     0     0     0     0     3     1     0     0     0     8     0     5    10     0     5     6     0    12    12     0     6    18    32   120     6  1069     0     4     0     1     0     6    50 

   WP	    0     1     0     0     0     1     0     0     0     0     1     0     0     0     0     0     0     0     0     0     0     0     0     0     0     0     0     0     0     0     0     0     0     0     1     0     0     0   242     0     0     0     0     0     1 

  VBD	    0    15     9     0     0     0     5     0    13     0    21     0     0     0     0     0     0     2     0     0     1     9     0     7     2     0     8     3     0     7     0     0     5    14   136     9     3     4     0  2717     0     0     0     3     7 

-RRB-	    0     4     0     0     0     0     0     0     1     0     0     0     0     0     0     0     0     0     0     0     0     2     0     0     1     0     0     0     0     0     0     0     3     1     0     0     1     0     0     0   154     0     0     0     1 

  WDT	    0     0     0     0     0     0     0     0     1     0    55     0     0     0     0     0     0     0     0     0     0     0     0     0     0     0     0     0     0     0     0     0     0     0     1     0     0     0     2     0     0   404     0     0     9 

 PRP$	    0     0     0     0     0     2     0     0     1     0     0     0     0     0     0     0     0     0     0     0     0     0     0     0     0     0     0     0     0     0     0     0     0     0     0     0     0     0     0     0     0     0   873     0     0 

   ''	    0     0     4     0     0     0     0     0     1     0     0     0     0     0     0     0     0     0     0     0     0     0     0     0     0     0     0     0     0     0     0     0     0     0     0     0     0     0     0     0     0     0     0   685     0 

   DT	    0     1     0     0     0     0     0     0     1     0    30     0     0     0     0     0     2     7     0     0     0     1     0     1    11     0     0     0     0     1     0     4     0     0     0     0     0     0     0     0     0    23     0     0  8207 

  POS	 Rec.	Prec.	F1
 NNPS	1.0000	0.0070	0.0139
   JJ	0.8378	0.8512	0.8444
  POS	0.9236	0.9800	0.9510
  RBS	0.8800	0.5641	0.6875
  RBR	0.7444	0.3964	0.5174
  PRP	0.8965	0.9889	0.9405
   MD	0.9548	0.9920	0.9731
   FW	  NaN	0.0000	  NaN
   VB	0.8892	0.9293	0.9088
   LS	0.0000	0.0000	  NaN
   IN	0.9381	0.9847	0.9608
-LRB-	0.9933	0.8922	0.9401
    :	0.9978	1.0000	0.9989
   RP	0.6582	0.3662	0.4706
  JJS	0.9240	0.8229	0.8705
  JJR	0.8213	0.7729	0.7964
   CD	0.9635	0.9931	0.9780
   CC	0.9852	0.9901	0.9876
  WP$	1.0000	0.6842	0.8125
  WRB	0.9849	0.9608	0.9727
   UH	0.0000	0.0000	  NaN
    .	0.9492	0.9990	0.9734
  SYM	  NaN	0.0000	  NaN
    ,	0.9699	0.9998	0.9846
   RB	0.8860	0.8382	0.8614
   EX	0.9836	0.8571	0.9160
  VBZ	0.9423	0.9038	0.9227
    $	0.8673	1.0000	0.9290
    #	  NaN	0.0000	  NaN
  NNS	0.9220	0.9050	0.9134
   ``	0.9295	0.9859	0.9569
  PDT	0.6486	0.7273	0.6857
  VBP	0.9253	0.8159	0.8671
  NNP	0.8833	0.7911	0.8346
  VBN	0.7602	0.8194	0.7887
   NN	0.8962	0.9055	0.9008
   TO	0.9733	1.0000	0.9865
  VBG	0.9377	0.6969	0.7996
   WP	0.9918	0.9798	0.9857
  VBD	0.9283	0.9057	0.9168
-RRB-	0.9390	0.9167	0.9277
  WDT	0.8470	0.8559	0.8514
 PRP$	0.9977	0.9966	0.9971
   ''	0.7993	0.9928	0.8856
   DT	0.9399	0.9901	0.9643


     	0.8645	0.7569	0.8618
