Learning tags using data from a2_data/sents.train2_trn...
Saving model...
Testing model using data from a2_data/sents.train2_tst...
Took 105732 ms to tag 3984 lines. 
     	 NNPS    JJ   POS   RBS   RBR   PRP    MD    FW    VB    IN -LRB-     :    RP   JJS   JJR    CD    CC   WP$   WRB    UH     .   SYM     ,    RB    EX   VBZ     $     #   NNS   PDT    ``   VBP   NNP   VBN    NN    TO   VBG    WP   VBD -RRB-   WDT  PRP$    ''    DT 
 NNPS	    4     5     1     0     0     3     0     0     1     0     0     0     0     0     0     0     0     0     0     0     1     0     1     1     0     0     0     0    55     0     0     0   118     0    11     0     1     0     2     0     0     0     0     2 

   JJ	    0  5383     8     0     0    12     0     0    28    22     0     1     1     0     0    31     5     0     0    10    17     0     8    86     0     2    13     0    37     7     3    16   178    86   156     5    10     0    11     0     0     1    14    87 

  POS	    0     0   923     0     0     0     0     0     0     0     0     0     0     0     0     0     0     0     0     0     0     0     0     0     0    12     0     0     0     0     0     0     0     0     0     0     0     0     0     0     0     0     2     0 

  RBS	    0     0     1    33     0     0     0     0     0     0     0     0     0     5     0     0     0     0     0     0     0     0     0     0     0     1     0     0     0     0     0     1     0     0     0     0     0     0     0     0     0     0     0     0 

  RBR	    0     5     0     0    69     0     0     0     1     0     0     0     0     0    49     0     1     0     0     0     0     0     1    42     0     0     0     0     0     0     0     0     0     3     1     0     0     0     0     0     0     0     0     0 

  PRP	    0     0     0     0     0  1719     0     0     0     0     0     0     0     0     0     0     0     0     0     0     0     0     0     0     0     1     2     0     1     0     0     0     1     1     5     0     1     0     0     0     0     5     0     2 

   MD	    0     0     0     0     0     0  1035     0     0     0     0     0     0     0     0     0     0     0     0     0     0     0     0     0     0     0     0     0     0     0     0     3     0     0     3     0     0     0     0     0     0     0     0     0 

   FW	    0     5     0     0     0     1     0     0     1     1     0     0     0     0     0     0     0     0     0     0     0     0     0     1     0     0     0     0     0     0     0     0     3     1     4     0     0     0     0     0     0     0     0     2 

   VB	    0    12     1     0     0     3     1     0  2567    15     0     0     0     0     0     1     2     0     0     1     3     0     2     6     0     1     4     0     4     0     2    43     7    13    37     1     1     0     7     0     0     0     4     7 

   IN	    0    10     1     0     0     0     0     0     0 10113     0     0    32     0     0     0     2     0     0     0     3     0     1   135     0     0     2     0     0     0     0     1    11     0     3     0     0     0     0     0     1     0     2    53 

-LRB-	    0     2     0     0     0     0     0     0     2     0   126     0     0     0     0     0     0     0     0     0     0     0     0     0     0     0     1     0     0     0     0     0     0     1     1     0     0     0     1     0     0     0     0     2 

    :	    0     2     0     0     0     0     0     0     1     0     0   519     0     0     0     0     0     0     0     0     0     0     0     1     0     0     0     0     1     0     0     0     0     0     0     0     0     0     0     0     0     0     0     1 

   RP	    0     0     0     0     0     0     0     0     0   115     0     0   104     0     0     0     0     0     0     0     1     0     0    50     0     0     0     0     0     0     0     0     0     0     0     0     0     0     0     0     0     0     0     0 

  JJS	    0     7     0     6     0     0     0     0     1     1     0     0     0   147     1     1     0     0     0     0     0     0     0     1     0     0     1     0     0     0     0     0     3     0     9     0     0     0     0     0     0     0     1     0 

  JJR	    0    10     0     0    14     0     0     0     0     0     0     0     0     0   237     1     1     0     0     1     2     0     2     6     0     0     0     0     2     0     2     0     1     7     1     0     0     0     1     0     0     0     0     2 

   CD	    0     5     0     0     0     2     0     0     0     1     0     0     0     0     0  3259     0     0     0     1     0     0     1     0     0     0     0     0    23     0     0     0     5     1    15     0     0     0     0     0     0     0     0     0 

   CC	    0     0     0     0     0     2     0     0     0     2     0     0     0     0     1     0  2364     0     0     0     0     0     0     7     0     0     0     0     0     0     0     0     1     0     0     0     0     0     0     0     0     0     0     1 

  WP$	    0     0     2     0     0     0     0     0     0     1     0     0     0     0     0     1     0    20     0     0     0     0     0     0     0     0     0     0     0     0     0     0     0     0     0     0     0     0     0     0     0     0     0     1 

  WRB	    0     0     0     0     0     2     1     0     0     0     0     0     0     0     0     1     0     0   202     0     2     0     0     1     0     0     0     0     0     0     0     0     2     1     1     0     0     0     0     0     0     0     1     1 

   UH	    0     0     0     0     0     0     0     0     0     0     0     0     0     0     0     0     0     0     0     0     0     0     0     6     0     0     0     0     0     0     0     0     2     0     0     0     0     0     0     0     0     0     0     0 

    .	    0     0     0     0     0     0     0     0     0     0     0     0     0     0     0     0     0     0     0     0  3949     0     0     0     0     0     0     0     0     0     0     0     0     0     0     0     0     0     0     0     0     0     0     0 

  SYM	    0     0     0     0     0     0     0     0     0     0     0     0     0     0     0     0     0     0     0     0     0     0     0     0     0     0     0     0     0     0     0     0     2     0     0     0     0     0     0     0     0     0     0     2 

    ,	    0     0     0     0     0     0     0     0     0     0     0     0     0     0     0     0     0     0     0     0     0     0  4854     0     0     0     0     0     0     0     0     0     0     0     0     0     0     0     0     0     0     0     0     0 

   RB	    0    76     0     0     1     5     6     0     9   201     0     0    16     1     5     1     2     0     0     1     5     0     3  2732     1     1     3     0    20     0     2     3    27    13    20     3     1     0     0     0     3     0     9    27 

   EX	    0     0     0     0     0     0     0     0     0     0     0     0     0     0     0     0     0     0     0     0     0     0     0    12    72     0     0     0     0     0     0     0     0     0     0     0     0     0     0     0     0     0     0     0 

  VBZ	    0     8     5     0     0     2     3     0     5    24     0     0     0     0     0     4     0     0     0     0     2     0     6     0     0  2124     2     0    50     0     0     6    12     7    11     1     4     0     4     0     0     0    11    16 

    $	    0     0     0     0     0     0     0     0     0     0     0     0     0     0     0     0     0     0     0     0     0     0     0     0     0     0   603     0     0     0     0     0     0     0     0     0     0     0     0     0     0     0     0     0 

    #	    0     0     0     0     0     0     0     0     0     0     0     0     0     0     0     4     0     0     0     0     0     0     0     0     0     0     0     0     0     0     0     0     0     0     0     0     0     0     0     0     0     0     0     0 

  NNS	    5    49    10     0     0    29    11     0    22    12     0     2     1     0     0     9     1     0     0     3    20     0    17     7     0    30     3     0  5390     0     3     6    98    29   139    13     1     0     2     0     5     0    17    25 

  PDT	    0    12     0     0     0     0     0     0     1     0     0     0     0     0     0     0     1     0     0     0     0     0     0     3     0     0     0     0     0    27     0     0     0     0     0     0     0     0     0     0     0     0     0     7 

   ``	    0     0     0     0     0     0     0     0     1     0     0     0     0     0     0     0     0     0     0     0     0     0     0     0     0     0     0     0     5     0   698     0     0     0     0     0     0     0     1     0     0     0     0     0 

  VBP	    0     4     0     0     0     0     4     0   109    19     0     0     0     0     1     0     0     0     0     0     0     0     3     2     0     5     2     0     1     0     2   981    10     2    54     0     1     0    15     0     0     0     3     5 

  NNP	    1   491    10     1     0   115    12     0    28    45     0     0     0     1     0    37     6     0     0     2    58     0    36    22     0    17    38     0   128     0    17     7  7853    38   682     9     5     0     6     4    24     0    57    99 

  VBN	    0   262     1     0     0     5     0     0     9    11     0     0     0     0     0     4     1     0     0     0     7     0     3     8     0     0     5     0    15     0     3     4    23  1650    16     0     3     0   127     0     1     0     5    23 

   NN	    0   360    20     0     0    51     6     0    59    29     0     0     0     0     0    20     2     0     0     3    54     0    22    13     0     8    22     0   103     0     7     7   398    26 12376    13    19     0     7     1     6     0    27    71 

   TO	    0     0     0     0     0     0     0     0     0     0     0     0     0     0     0     0     0     0     0     0     0     0     0     0     0     0     0     0     0     0     0     0     0     0     0  2247     0     0     0     0     0     0     0     0 

  VBG	    0   106     6     0     0     6     0     0    19    67     0     1     1     0     0     5     6     0     0     1     7     0     6     5     0     2     6     0    13     0     5     5    26    34   155     1  1081     0     2     0     0     0     6    56 

   WP	    0     0     0     0     0     0     0     0     1     0     0     0     0     0     0     0     0     0     0     0     0     0     0     1     0     0     1     0     0     0     0     0     1     0     0     0     0   211     0     0     0     0     0     2 

  VBD	    0    19    14     0     0     3     6     0    12    32     0     1     0     0     0     2     1     0     0     0     5     0    10     1     0     6     6     0    15     0     2     3    18   159    13     0     3     0  2677     0     0     0     6    11 

-RRB-	    0     0     0     0     0     0     1     0     0     0     0     0     0     0     0     0     0     0     0     0     1     0     0     1     0     2     0     0     0     0     0     0     2     0     0     0     1     0     1   126     0     0     0     0 

  WDT	    0     1     0     0     0     0     0     0     0    59     0     0     0     0     0     0     0     0     0     0     0     0     0     1     0     0     0     0     0     0     0     0     1     1     0     0     0     1     0     0   377     0     0     7 

 PRP$	    0     0     0     0     0     4     0     0     0     0     0     0     0     0     0     0     0     0     0     0     0     0     0     0     0     0     0     0     0     0     0     0     0     0     0     0     0     0     0     0     0   894     0     0 

   ''	    0     0     0     0     0     0     0     0     0     0     0     0     0     0     0     0     0     0     0     0     1     0     0     0     0     0     0     0     0     0     0     0     0     0     0     0     0     0     0     0     0     0   687     0 

   DT	    0     2     0     0     0     0     0     0     1    32     0     0     0     0     0     1     3     0     0     0     0     0     1    19     0     0     0     0     1     9     0     0     0     0     8     0     1     0     0     0    18     0     0  8416 

  POS	 Rec.	Prec.	F1
 NNPS	0.4000	0.0194	0.0370
   JJ	0.7874	0.8629	0.8235
  POS	0.9202	0.9851	0.9515
  RBS	0.8250	0.8049	0.8148
  RBR	0.8214	0.4012	0.5391
  PRP	0.8753	0.9891	0.9287
   MD	0.9530	0.9942	0.9732
   FW	  NaN	0.0000	  NaN
   VB	0.8919	0.9352	0.9130
   IN	0.9362	0.9752	0.9553
-LRB-	1.0000	0.9265	0.9618
    :	0.9905	0.9886	0.9895
   RP	0.6710	0.3852	0.4894
  JJS	0.9545	0.8212	0.8829
  JJR	0.8061	0.8172	0.8116
   CD	0.9636	0.9837	0.9736
   CC	0.9858	0.9941	0.9899
  WP$	1.0000	0.8000	0.8889
  WRB	1.0000	0.9395	0.9688
   UH	0.0000	0.0000	  NaN
    .	0.9543	1.0000	0.9766
  SYM	  NaN	0.0000	  NaN
    ,	0.9753	1.0000	0.9875
   RB	0.8618	0.8546	0.8582
   EX	0.9863	0.8571	0.9172
  VBZ	0.9602	0.9207	0.9400
    $	0.8445	1.0000	0.9157
    #	  NaN	0.0000	  NaN
  NNS	0.9192	0.9045	0.9118
  PDT	0.6279	0.5294	0.5745
   ``	0.9357	0.9901	0.9621
  VBP	0.9033	0.8021	0.8497
  NNP	0.8921	0.7973	0.8421
  VBN	0.7959	0.7548	0.7748
   NN	0.9020	0.9014	0.9017
   TO	0.9799	1.0000	0.9899
  VBG	0.9541	0.6640	0.7830
   WP	0.9953	0.9724	0.9837
  VBD	0.9347	0.8850	0.9092
-RRB-	0.9618	0.9333	0.9474
  WDT	0.8667	0.8415	0.8539
 PRP$	0.9933	0.9955	0.9944
   ''	0.8063	0.9985	0.8922
   DT	0.9427	0.9887	0.9651


     	0.8726	0.7776	0.8656
