Learning tags using data from a2_data/sents.train10_trn...
Saving model...
Testing model using data from a2_data/sents.train10_tst...
Took 120802 ms to tag 3976 lines. 
     	 NNPS    JJ   POS   RBS   RBR   PRP    MD    FW    VB    LS    IN -LRB-     :    RP   JJS   JJR    CD    CC   WP$   WRB    UH     .   SYM     ,    RB    EX   VBZ     $     #   NNS    ``   PDT   VBP   NNP   VBN    NN    TO   VBG    WP   VBD -RRB-   WDT  PRP$    ''    DT 
 NNPS	    0     2     3     0     0     4     0     0     1     0     1     0     0     0     0     0     2     0     0     0     0     3     0     0     0     0     3     0     0   122     0     0     2   191     1    25     1     0     0     0     0     0     0     5     1 

   JJ	    0  4892     5     0     0    16     1     0    28     0    14     0     1     0     0     0    38     5     0     0     0    29     0    10    47     0     3     6     0    30     1     2     6   126   116   120     9     6     0     9     1     4     0    15    87 

  POS	    0     0   844     0     0     0     0     0     0     0     0     0     0     0     0     0     0     0     0     0     0     0     0     0     0     0    10     0     0     0     0     0     0     0     0     0     0     0     0     0     0     0     0     2     0 

  RBS	    0     0     0    27     0     0     0     0     0     0     0     0     0     0    10     0     0     0     0     0     0     0     0     0     0     0     0     0     0     0     0     0     0     0     0     0     0     0     0     0     0     0     0     0     1 

  RBR	    0     2     0     0    79     0     0     0     0     0     0     0     0     0     0    61     0     1     0     0     0     0     0     1    19     0     0     0     0     2     2     0     0     1     1     1     0     0     0     2     0     0     0     0     0 

  PRP	    0     0     1     0     0  1806     0     0     3     0     0     0     0     1     0     0     1     0     0     0     0     0     0     0     0     0     2     3     0     1     0     0     1     3     1     3     0     0     0     0     0     0     1     0     2 

   MD	    0     0     0     0     0     0   928     0     0     0     1     0     0     0     0     0     0     0     0     0     0     0     0     0     0     0     0     0     0     0     1     0     2     0     0     0     0     0     0     0     0     0     0     0     0 

   FW	    0     0     0     0     0     0     0     0     0     0     3     0     0     0     0     0     0     0     0     0     0     2     0     0     0     0     1     0     0     0     0     0     0     2     0     4     0     0     0     0     0     0     0     0     0 

   VB	    0     9     1     0     0     4     1     0  2391     0    23     0     0     0     0     1     1     0     0     1     0     3     0     4     3     0     1     3     0     1     2     0    48     4    17    47     1     3     0     9     0     0     0     0     9 

   LS	    0     0     0     0     0     0     0     0     0     0     0     0     0     0     0     0     2     0     0     0     0     0     0     0     0     0     0     0     0     0     0     0     0     0     0     0     0     0     0     0     0     0     0     0     0 

   IN	    0     7     0     0     0     0     0     0     1     0  9546     0     0    30     0     0     0     0     0     0     0     2     0     0   158     0     0     2     0     0     0     0     1     1     1     1     0     1     0     1     0     3     0     1    43 

-LRB-	    0     1     0     0     0     0     0     0     0     0     3   127     0     0     0     0     0     1     0     0     0     0     0     0     0     0     0     1     0     0     0     0     1     1     0     1     1     0     0     0     0     0     0     0     1 

    :	    0     0     1     0     0     0     0     0     0     0     0     0   440     0     0     0     0     0     0     0     0     0     0     0     0     0     0     0     0     0     0     0     0     0     0     2     0     0     0     0     0     0     0     2     0 

   RP	    0     2     0     0     0     0     0     0     0     0   110     0     0   111     0     0     0     0     0     0     0     0     0     0    54     0     0     0     0     0     0     0     0     0     0     0     0     0     0     0     0     0     0     0     0 

  JJS	    0    15     0     4     0     0     0     0     1     0     0     0     0     0   159     0     0     0     0     0     0     0     0     0     1     0     0     0     0     0     0     0     0     0     0     5     1     0     0     0     0     0     0     0     0 

  JJR	    0    18     0     0    13     4     0     0     2     0     1     0     0     0     0   268     1     0     0     0     0     0     0     0    13     0     0     0     0     2     0     0     1     5     4     1     0     0     0     2     0     0     0     1     6 

   CD	    0     8     0     0     0     7     0     0     0     0     0     0     0     0     0     0  3444     0     0     0     0     0     0     0     0     0     0     0     0     9     0     0     0     2     0     8     0     0     0     0     0     0     0     2     3 

   CC	    0     0     0     0     0     0     0     0     0     0     2     0     0     0     0     0     0  2463     0     0     0     0     0     0     6     0     0     0     0     1     0     0     0     3     0     0     0     0     0     0     0     0     0     0     3 

  WP$	    0     0     0     0     0     0     0     0     0     0     1     0     0     0     0     0     0     0    12     0     0     0     0     0     0     0     0     0     0     0     0     0     0     0     0     0     0     0     0     0     0     0     0     0     0 

  WRB	    0     0     0     0     0     4     0     0     0     0     0     0     0     0     0     0     0     0     0   200     0     1     0     1     0     0     0     0     0     0     0     0     0     0     0     0     0     0     0     0     0     1     0     0     0 

   UH	    0     0     0     0     0     2     0     0     0     0     0     0     0     0     0     0     0     0     0     0     1     2     0     0     4     0     0     0     0     0     0     0     0     1     0     0     0     0     0     0     0     0     0     1     0 

    .	    0     0     0     0     0     0     0     0     0     0     0     0     0     0     0     0     0     0     0     0     0  3933     0     0     0     0     0     0     0     0     0     0     0     0     0     0     0     0     0     0     0     0     0     0     0 

  SYM	    0     0     0     0     0     1     0     0     0     0     0     0     0     0     0     0     0     0     0     0     0     0     0     0     0     0     0     0     0     0     0     0     0     1     0     0     0     0     0     0     0     0     0     0     1 

    ,	    0     0     0     0     0     0     0     0     0     0     0     0     0     0     0     0     0     0     0     0     0     0     0  4969     0     0     0     0     0     0     0     0     0     0     0     1     0     0     0     0     0     0     0     0     0 

   RB	    0    86     0     0    11     5     9     0    15     0   107     0     0    22     1     3     0     5     0     1     0    13     0     3  2636     0     4     5     0    10     2     0     7    27    15    30     2     2     0     5     0     1     0     5    26 

   EX	    0     0     0     0     0     0     0     0     0     0     0     0     0     0     0     0     0     0     0     0     0     0     0     0     9    77     0     0     0     0     0     0     0     0     0     0     0     0     0     0     0     0     0     0     0 

  VBZ	    0     8     6     0     0     0     1     0     5     0    25     0     0     0     0     0     0     0     0     0     0     3     1     6     0     0  1950     1     0    56     3     0     3    11     7     3     0     2     0    14     0     0     0     8    11 

    $	    0     0     0     0     0     0     0     0     0     0     0     0     0     0     0     0     0     0     0     0     0     0     0     0     0     0     0   785     0     0     0     0     0     0     0     0     0     0     0     0     0     0     0     0     0 

    #	    0     0     0     0     0     0     0     0     0     0     0     0     0     0     0     0    11     0     0     0     0     0     0     0     0     0     0     0     0     0     0     0     0     0     0     0     0     0     0     0     0     0     0     0     0 

  NNS	    0    54     1     0     0    39    12     0    19     0     5     0     1     0     0     0     7     0     0     0     0    18     1    18    11     0    27     4     0  5326     2     0     9   104    31   126    16     4     0     3     3     5     0    27    22 

   ``	    0     1     0     0     0     0     2     0     0     0     0     0     0     0     0     0     0     0     0     0     0     0     0     0     0     0     0     0     0     3   794     0     0     1     1     1     0     0     0     0     0     0     0     0     0 

  PDT	    0     2     0     0     0     0     0     0     1     0     2     0     0     0     0     0     0     0     0     0     0     0     0     0     5     0     0     0     0     0     0    29     0     0     0     1     0     0     0     0     0     0     0     0     8 

  VBP	    0     9     1     0     0     0     0     0   116     0    14     0     0     0     0     0     0     2     0     0     0     6     0     1     0     0     3     1     0     1     0     0   938     5     2    32     0     1     0    10     0     0     0     2    10 

  NNP	    2   456    17     0     0    96     8     0    33     0    25     0     0     0     0     1    28     2     0     1     0    66     0    47     6     0    15    33     0    72    18     0     5  7237    22   718     8    12     0     2     3    28     0    64   104 

  VBN	    0   155     0     0     0     9     0     0    10     0    11     0     1     0     0     0     4     0     0     0     0     8     0     5     6     0     1     3     0    16     1     0     0    10  1585    15     2     5     0   139     1     1     0     8    23 

   NN	    0   388    12     0     0    48     7     0    50     0    24     0     1     0     0     0    21     4     0     0     0    41     0    28    12     0    15    17     0    98     4     0     7   382    25 11807     8    30     0     6     2     4     1    30    72 

   TO	    0     0     0     0     0     0     0     0     0     0     0     0     0     0     0     0     0     0     0     0     0     0     0     0     0     0     0     0     0     0     0     0     0     0     0     0  2226     0     0     0     0     0     0     0     0 

  VBG	    0    85     6     0     0     5     0     0    19     0    42     0     1     0     0     0     2     2     0     0     0    11     0     6    11     0     2     5     0     9     2     0     5    18    30   131     5  1025     0     6     0     1     0     5    51 

   WP	    0     0     0     0     0     1     0     0     1     0     0     0     0     0     0     0     1     0     0     0     0     0     0     0     0     0     0     0     0     0     0     0     0     0     0     0     0     0   223     0     0     0     0     1     2 

  VBD	    0    17     4     0     0     1     2     0    13     0    19     0     0     0     0     0     4     2     0     1     0     8     0    22     2     0     4     3     0     8     1     0     3    16   139     7     0     0     0  2965     0     1     0     4     9 

-RRB-	    0     0     0     0     0     0     1     0     0     0     2     0     0     0     0     0     0     0     0     0     0     1     0     0     1     0     0     0     0     0     0     0     1     0     0     0     0     1     0     0   131     0     0     0     0 

  WDT	    0     0     0     0     0     1     0     0     0     0    47     0     0     0     0     0     0     0     0     0     0     0     0     0     0     0     0     0     0     0     0     0     0     0     0     0     0     0     1     0     0   347     0     0     1 

 PRP$	    0     1     0     0     0     0     0     0     1     0     0     0     0     0     0     0     0     0     0     0     0     0     0     0     0     0     0     0     0     0     0     0     0     0     0     0     0     0     0     0     0     0   886     0     0 

   ''	    0     0     2     0     0     0     0     0     0     0     1     0     0     0     0     0     0     0     0     0     0     0     0     0     0     0     0     0     0     0     0     0     0     0     0     0     0     0     0     0     0     0     0   780     0 

   DT	    0     3     0     0     0     0     0     0     0     0    38     0     0     0     0     0     1     7     0     0     0     0     0     0    13     0     0     0     0     4     0     1     0     2     0    11     0     0     0     0     0    18     0     0  7963 

  POS	 Rec.	Prec.	F1
 NNPS	0.0000	0.0000	  NaN
   JJ	0.7864	0.8694	0.8258
  POS	0.9336	0.9860	0.9591
  RBS	0.8710	0.7105	0.7826
  RBR	0.7670	0.4593	0.5745
  PRP	0.8797	0.9874	0.9304
   MD	0.9547	0.9957	0.9748
   FW	  NaN	0.0000	  NaN
   VB	0.8823	0.9242	0.9028
   LS	  NaN	0.0000	  NaN
   IN	0.9482	0.9742	0.9610
-LRB-	1.0000	0.9203	0.9585
    :	0.9888	0.9888	0.9888
   RP	0.6768	0.4007	0.5034
  JJS	0.9353	0.8548	0.8933
  JJR	0.8024	0.7836	0.7929
   CD	0.9652	0.9888	0.9769
   CC	0.9876	0.9939	0.9907
  WP$	1.0000	0.9231	0.9600
  WRB	0.9804	0.9662	0.9732
   UH	1.0000	0.0909	0.1667
    .	0.9477	1.0000	0.9732
  SYM	0.0000	0.0000	  NaN
    ,	0.9703	0.9998	0.9848
   RB	0.8737	0.8620	0.8678
   EX	1.0000	0.8953	0.9448
  VBZ	0.9554	0.9181	0.9364
    $	0.9002	1.0000	0.9475
    #	  NaN	0.0000	  NaN
  NNS	0.9229	0.9035	0.9131
   ``	0.9532	0.9888	0.9707
  PDT	0.9063	0.6042	0.7250
  VBP	0.9019	0.8128	0.8551
  NNP	0.8875	0.7927	0.8375
  VBN	0.7933	0.7850	0.7891
   NN	0.9012	0.8983	0.8998
   TO	0.9763	1.0000	0.9880
  VBG	0.9386	0.6902	0.7955
   WP	0.9955	0.9738	0.9845
  VBD	0.9344	0.9109	0.9225
-RRB-	0.9291	0.9493	0.9391
  WDT	0.8382	0.8741	0.8557
 PRP$	0.9977	0.9977	0.9977
   ''	0.8100	0.9962	0.8935
   DT	0.9414	0.9878	0.9640


     	0.8722	0.7702	0.8775
