Learning tags using data from a2_data/sents.train3_trn...
Saving model...
Testing model using data from a2_data/sents.train3_tst...
Took 99772 ms to tag 3984 lines. 
     	 NNPS    JJ   POS   RBS   RBR   PRP    MD    FW    VB    LS    IN -LRB-     :    RP   JJS   JJR    CD    CC   WP$   WRB    UH     .   SYM     ,    RB    EX   VBZ     $     #   NNS   PDT    ``   VBP   NNP   VBN    NN    TO   VBG    WP   VBD -RRB-   WDT  PRP$    ''    DT 
 NNPS	    2    13     0     0     0     3     0     0     0     0     1     0     0     0     0     0     2     0     0     0     0     1     0     4     1     0     0     0     0   111     0     0     0   120     0    23     0     0     0     0     0     0     0     4     2 

   JJ	    0  5415     7     0     0    18     0     0    30     0    15     0     0     0     1     0    27     5     0     0     0    19     0     9    85     0     2    18     0    36     4     3     7   151   160   135     4    15     0    16     0     4     1    12   102 

  POS	    0     0   836     0     0     0     0     0     0     0     0     0     0     0     0     0     0     0     0     0     0     0     0     0     0     0    12     0     0     0     0     0     0     0     0     0     0     0     0     0     0     0     0     0     0 

  RBS	    0     0     0    31     0     0     0     0     0     0     0     0     0     0    15     0     0     0     0     0     0     0     0     0     3     0     0     0     0     0     0     0     0     0     0     0     0     0     0     0     0     0     0     0     0 

  RBR	    0     2     0     0    84     0     0     0     0     0     0     0     0     0     0    48     0     1     0     0     0     0     0     1    38     0     0     0     0     1     0     1     0     0     3     0     0     0     0     1     0     0     0     1     0 

  PRP	    0     0     0     0     0  1912     0     0     6     0     3     0     0     0     0     0     0     0     0     0     0     2     0     1     0     0     1     1     0     0     0     0     0     7     1     2     0     0     0     1     0     0     4     0     1 

   MD	    0     0     0     0     0     0  1083     0     0     0     0     0     0     0     0     0     0     0     0     0     0     0     0     0     0     0     0     0     0     0     0     2     1     2     0     0     2     0     0     2     0     0     0     0     0 

   FW	    0     6     0     0     0     2     0     0     0     0     1     0     0     0     0     0     0     0     0     0     0     1     0     0     0     0     0     0     0     1     0     0     0    13     0     3     0     0     0     0     0     0     0     1     2 

   VB	    0    16     1     0     0     1     1     0  2659     0    13     0     0     0     0     0     0     0     0     0     0     2     0     1     7     0     0     1     0     1     0     5    52     3    13    46     1     0     0     9     0     0     0     0     6 

   LS	    0     0     0     0     0     1     0     0     0     0     0     0     0     0     0     0     0     0     0     0     0     0     1     0     0     0     0     0     0     0     0     1     0     2     0     0     0     0     0     0     0     0     0     0     0 

   IN	    0    17     0     0     0     0     0     0     2     0  9754     0     0    18     0     0     0     1     0     0     0     1     0     0    62     0     1     2     0     0     0     0     0     4     0     1     0     0     0     0     0     2     0     1    31 

-LRB-	    0     2     0     0     0     0     0     0     0     0     2   134     0     0     0     0     0     0     0     0     0     1     0     0     0     0     0     0     0     1     0     0     1     0     2     0     0     0     0     2     0     0     0     0     1 

    :	    0     1     1     0     0     1     0     0     0     0     0     0   477     0     0     0     0     0     0     0     0     0     0     0     2     0     0     0     0     2     0     0     1     0     0     0     0     0     0     0     0     0     0     2     0 

   RP	    0     1     0     0     0     0     0     0     0     0   105     0     0   110     0     0     0     0     0     0     0     0     0     0    76     0     0     0     0     0     0     0     0     0     1     0     0     0     0     0     0     0     0     0     0 

  JJS	    0    20     0     5     0     0     0     0     0     0     0     0     0     0   143     0     1     0     0     0     0     1     0     0     1     0     0     0     0     1     0     0     0     2     0     8     0     0     0     0     0     0     0     0     0 

  JJR	    0    13     0     0    16     1     0     0     1     0     0     0     0     0     0   221     0     0     0     0     0     1     0     1     6     0     0     1     0     0     0     0     0     6    12     7     0     0     0     1     0     0     0     2     6 

   CD	    0     7     0     0     0     5     0     0     0     0     2     0     0     0     0     0  3315     0     0     0     0     0     0     0     0     0     1     0     0     5     0     0     1     1     0     4     0     0     0     0     0     0     0     0     1 

   CC	    0     0     0     0     4     0     0     0     1     0     1     0     0     0     0     0     0  2395     0     0     0     0     0     0     7     0     0     0     0     2     0     0     0     4     0     1     0     0     0     0     0     0     0     0     4 

  WP$	    0     1     2     0     0     1     0     0     0     0     0     0     0     0     0     0     0     0     7     0     0     1     0     0     0     0     0     0     0     0     0     0     0     0     0     0     0     0     0     0     0     0     0     1     0 

  WRB	    0     0     0     0     0     6     1     0     0     0     1     0     0     0     0     0     1     0     0   219     0     1     0     0     0     0     0     0     0     1     0     0     0     0     0     1     0     0     0     0     0     0     0     0     1 

   UH	    0     0     0     0     0     1     0     0     1     0     0     0     0     0     0     0     0     0     0     0     1     0     0     0     1     0     0     0     0     0     0     0     0     2     0     2     0     0     0     0     2     0     0     0     2 

    .	    0     0     0     0     0     0     0     0     0     0     0     0     0     0     0     0     0     0     0     0     0  3966     0     0     0     0     1     0     0     0     0     0     0     0     0     0     0     0     0     0     0     0     0     0     0 

  SYM	    0     0     0     0     0     0     0     0     0     0     0     0     0     0     0     0     0     0     0     0     0     0     1     0     0     0     0     0     0     0     0     0     0     4     0     0     0     0     0     0     0     0     0     0     1 

    ,	    0     0     0     0     0     0     0     0     0     0     0     0     0     0     0     0     0     0     0     0     0     0     0  4745     0     0     0     0     0     0     0     0     0     0     0     0     0     0     0     0     0     0     0     0     0 

   RB	    0    98     0     0    10     8     4     0    12     0   188     0     0    19     0     1     5     1     0     0     0    11     0     6  2757     6     2     3     0    16     0     0     2    15    13    33     1     0     0     3     0     1     0     1    28 

   EX	    0     0     0     0     0     0     0     0     0     0     0     0     0     0     0     0     0     0     0     0     0     0     0     0    13    89     0     0     0     0     0     0     0     0     0     0     0     0     0     0     0     0     0     0     0 

  VBZ	    0     9    15     0     0     4     3     0     7     0    15     0     0     0     0     0     2     2     0     0     0     5     0     3     1     0  2225     6     0    69     0     3     5    20     3     7     0     3     0    13     0     0     0    13    10 

    $	    0     0     0     0     0     0     0     0     0     0     0     0     0     0     0     0     1     0     0     0     0     0     0     0     0     0     0   563     0     0     0     0     0     0     0     0     0     0     0     0     0     0     0     0     0 

    #	    0     0     0     0     0     0     0     0     0     0     0     0     0     0     0     0     6     0     0     0     0     0     0     0     0     0     0     0     0     0     0     0     0     0     0     0     0     0     0     0     0     0     0     0     0 

  NNS	    0    47     3     0     0    29    15     0    14     0     9     0     0     0     0     0     9     0     0     0     0    23     0    10    13     0    25     3     0  5628     0     6     4   117    27   175    12     4     0     1     1     6     0    28    28 

  PDT	    0     8     0     0     0     0     0     0     1     0     0     0     0     0     0     0     0     0     0     0     0     0     0     0     4     0     0     0     0     0    24     0     0     0     0     1     0     0     0     0     0     0     0     0     7 

   ``	    0     0     0     0     0     0     0     0     0     0     0     0     0     0     0     0     0     0     0     0     0     0     0     0     0     0     0     0     0     5     0   727     0     2     0     0     0     0     0     0     0     0     0     0     0 

  VBP	    0     3     0     0     0     1     2     0   118     0    12     0     1     0     0     0     0     0     0     0     0     0     0     3     0     0     2     1     0     2     0     0  1213     3     2    53     0     1     0    26     0     1     0     5     5 

  NNP	    1   328    11     0     0    87     1     0    34     7    28     0     0     0     0     0    34     7     0     0     0    40     0    48    15     0    14    23     0    67     0    10     1  7041    12   756     6     6     0     9     5    25     0    32   121 

  VBN	    0    52     0     0     0     4     5     0    11     1     9     0     0     0     0     0     1     0     0     0     0     8     0     7    12     0     3     4     0    13     0     1     1     4  1674    12     3     4     0   124     0     0     0     0    16 

   NN	    0   294    17     0     0    35     6     0    35     0    17     0     1     0     0     0    38     3     0     0     0    35     0    30    15     0    15    19     0    73     1     5     8   397    15 12054    12    27     0     8     1     6     0    26    58 

   TO	    0     0     0     0     0     0     1     0     0     0     0     0     0     0     0     0     0     0     0     0     0     0     0     0     0     0     0     0     0     0     0     0     0     0     0     0  2213     0     0     0     0     0     0     0     0 

  VBG	    0    76     4     0     0     8     0     0    28     1    44     0     0     0     0     0     4     2     0     0     0     5     0     5     8     0     2    10     0     7     0     8     3    15    17   105     2  1111     0     6     0     0     0     6    49 

   WP	    0     0     0     0     0     0     0     0     1     0     0     0     0     0     0     0     0     0     0     0     0     0     0     0     0     0     0     0     0     0     0     0     0     0     2     0     0     0   239     0     0     0     0     1     2 

  VBD	    0    14     3     0     0     3     0     0     7     0    27     0     0     0     0     0     2     0     0     0     0     3     0     4     1     0     4     3     0     8     0     0     5    14   122     5     2     1     0  2320     0     1     0     3     8 

-RRB-	    0     2     0     0     0     0     0     0     1     0     1     0     0     0     0     0     1     0     0     0     0     0     0     0     0     0     0     0     0     0     0     1     0     0     0     0     0     0     0     0   138     0     0     0     2 

  WDT	    0     0     0     0     0     0     0     0     2     0    68     0     0     0     0     0     0     0     0     0     0     0     0     0     0     0     0     0     0     0     0     1     0     0     0     0     0     0     3     0     0   390     0     0     3 

 PRP$	    0     0     1     0     0     1     0     0     0     0     0     0     0     0     0     0     0     0     0     0     0     0     0     0     0     0     0     0     0     0     0     0     0     0     0     0     0     0     0     0     0     0   790     0     0 

   ''	    0     0     1     0     0     0     1     0     0     0     0     0     0     0     0     0     0     0     0     0     0     0     0     0     0     0     0     0     0     0     0     0     0     0     0     1     0     0     0     1     0     0     0   710     0 

   DT	    0     1     0     0     0     0     0     0     0     0    28     0     0     0     0     0     3     2     0     0     0     0     0     0    15     0     0     0     0     2     0     0     0     0     0     4     0     0     0     0     0    23     0     0  8338 

  POS	 Rec.	Prec.	F1
 NNPS	0.6667	0.0070	0.0138
   JJ	0.8401	0.8594	0.8496
  POS	0.9268	0.9858	0.9554
  RBS	0.8611	0.6327	0.7294
  RBR	0.7368	0.4641	0.5695
  PRP	0.8968	0.9846	0.9386
   MD	0.9644	0.9918	0.9779
   FW	  NaN	0.0000	  NaN
   VB	0.8950	0.9369	0.9155
   LS	0.0000	0.0000	  NaN
   IN	0.9430	0.9856	0.9638
-LRB-	1.0000	0.9178	0.9571
    :	0.9958	0.9795	0.9876
   RP	0.7483	0.3754	0.5000
  JJS	0.8994	0.7857	0.8387
  JJR	0.8185	0.7492	0.7823
   CD	0.9603	0.9919	0.9759
   CC	0.9901	0.9901	0.9901
  WP$	1.0000	0.5385	0.7000
  WRB	1.0000	0.9440	0.9712
   UH	1.0000	0.0833	0.1538
    .	0.9610	0.9997	0.9800
  SYM	0.5000	0.1667	0.2500
    ,	0.9727	1.0000	0.9862
   RB	0.8772	0.8499	0.8633
   EX	0.9368	0.8725	0.9036
  VBZ	0.9632	0.9108	0.9363
    $	0.8556	0.9982	0.9214
    #	  NaN	0.0000	  NaN
  NNS	0.9299	0.9024	0.9159
  PDT	0.8276	0.5333	0.6486
   ``	0.9393	0.9905	0.9642
  VBP	0.9295	0.8343	0.8793
  NNP	0.8858	0.8029	0.8423
  VBN	0.8052	0.8502	0.8271
   NN	0.8969	0.9097	0.9033
   TO	0.9801	0.9995	0.9897
  VBG	0.9480	0.7280	0.8236
   WP	0.9876	0.9755	0.9815
  VBD	0.9123	0.9063	0.9093
-RRB-	0.9388	0.9452	0.9420
  WDT	0.8497	0.8351	0.8423
 PRP$	0.9937	0.9975	0.9956
   ''	0.8363	0.9944	0.9085
   DT	0.9437	0.9907	0.9667


     	0.8794	0.7599	0.8322
