Learning tags using data from a2_data/sents.train9_trn...
Saving model...
Testing model using data from a2_data/sents.train9_tst...
Took 112776 ms to tag 3984 lines. 
     	 NNPS    JJ   POS   RBS   RBR   PRP    MD    FW    VB    IN -LRB-     :    RP   JJS   JJR    CD    CC   WP$   WRB    UH     .   SYM     ,    RB    EX   VBZ     $     #   NNS   PDT    ``   VBP   NNP   VBN    NN    TO   VBG    WP   VBD -RRB-   WDT  PRP$    ''    DT 
 NNPS	   11     9     1     0     0     2     0     0     0     2     0     0     0     0     0     1     0     0     0     0     2     0     2     0     0     0     0     0    96     0     0     0   138     0    20     0     1     0     0     0     0     0     2     2 

   JJ	    0  5248    10     0     0    20     1     0    26    24     0     0     0     0     0    30     4     0     0     0    22     1    13    68     0     2    14     0    27     3     3     7   186   151   150     4     6     0    19     0     4     1     8    93 

  POS	    0     0   887     0     0     0     0     0     0     0     0     0     0     0     0     0     0     0     0     0     0     0     0     0     0    23     0     0     0     0     0     0     0     0     0     0     0     0     0     0     0     0     1     0 

  RBS	    0     0     0    29     0     1     0     0     0     0     0     0     0    18     0     0     0     0     0     0     1     0     0     2     0     0     0     0     0     0     0     1     0     0     0     0     0     0     0     0     0     0     0     0 

  RBR	    0     1     0     0    64     0     0     0     1     0     0     0     0     0    48     0     1     0     0     0     0     0     0    19     0     0     0     0     1     0     0     0     0     2     0     0     0     0     2     0     0     0     0     0 

  PRP	    0     0     0     0     0  1474     0     0     4     1     0     0     0     0     0     3     0     0     0     0     1     0     0     0     0     0     1     0     1     0     0     0     1     0     0     1     0     0     0     0     0     4     1     1 

   MD	    0     0     0     0     0     0   984     0     0     1     0     0     0     0     0     0     0     0     0     0     0     0     0     0     0     0     0     0     0     0     4     0     2     0     1     0     0     0     4     0     0     0     0     0 

   FW	    0     0     0     0     0     0     0     0     0     1     0     0     0     0     0     0     0     0     0     0     0     0     0     0     0     0     0     0     0     0     0     0     3     0     0     0     0     0     0     0     0     0     0     0 

   VB	    0    11     0     0     0     2     0     0  2433    13     0     0     0     0     0     1     2     0     0     0     2     0     5     3     0     0     8     0     1     0     1    42    10    13    39     2     2     0     4     0     0     0     2     4 

   IN	    0     9     0     0     0     0     0     0     0  9896     0     0    17     0     0     0     5     0     0     0     3     0     0    73     0     0     0     0     1     0     1     0     1     0     4     0     1     0     0     0     2     0     0    32 

-LRB-	    0     2     0     0     0     0     0     0     0     0   116     0     0     0     0     0     0     0     0     0     0     0     0     0     0     0     0     0     1     0     0     0     0     0     2     0     0     0     0     0     0     0     0     1 

    :	    0     0     0     0     0     0     0     0     0     0     0   501     0     0     0     0     0     0     0     0     1     0     0     0     0     0     0     0     0     0     0     0     0     0     1     0     0     0     0     0     1     0     0     0 

   RP	    0     2     0     0     0     0     0     0     0    87     0     0    79     0     0     0     0     0     0     0     0     0     0    39     0     0     0     0     0     0     0     0     0     0     0     0     0     0     0     0     0     0     0     0 

  JJS	    0    20     0     5     0     0     0     0     0     0     0     0     0   165     0     0     0     0     0     0     1     0     0     1     0     0     1     0     3     0     0     0     3     1     5     0     0     0     0     0     0     0     0     0 

  JJR	    0    24     0     0    14     1     1     0     1     0     0     0     0     0   251     1     1     0     0     0     1     0     0     5     0     0     0     0     2     0     0     0     3     0     6     0     0     0     1     0     0     0     0     8 

   CD	    0     3     0     0     0     2     0     0     0     0     0     0     0     0     0  4081     0     0     0     0     0     0     0     0     0     0     0     0     2     0     1     0     2     0     7     0     0     0     0     0     0     0     0     3 

   CC	    0     0     1     0     3     0     0     0     0     6     0     0     0     0     1     0  2377     0     0     0     0     0     0    13     0     0     0     0     0     0     0     0     1     0     0     0     0     0     0     0     0     0     0     5 

  WP$	    0     0     0     0     0     0     0     0     0     1     0     0     0     0     0     0     0     9     0     0     1     0     0     0     0     0     0     0     0     0     0     0     1     0     0     0     0     0     0     0     0     0     0     0 

  WRB	    0     0     0     0     0     4     0     0     0     0     0     0     0     0     0     0     0     0   175     0     0     0     0     0     0     0     1     0     0     0     0     0     0     0     0     0     0     0     0     0     0     0     1     2 

   UH	    0     1     0     0     0     0     0     0     0     0     0     0     0     0     0     0     0     0     0     0     1     0     0     1     0     0     0     0     0     0     0     0     0     0     0     0     0     0     0     0     0     0     0     0 

    .	    0     0     0     0     0     0     0     0     0     0     0     0     0     0     0     0     0     0     0     0  3945     0     0     0     0     0     0     0     0     0     0     0     2     0     0     0     0     0     0     0     0     0     0     0 

  SYM	    0     0     0     0     0     0     0     0     0     0     0     0     0     0     0     0     0     0     0     0     0     0     0     0     0     0     2     0     0     0     1     0     2     0     0     0     0     0     0     0     0     0     0     1 

    ,	    0     0     0     0     0     0     0     0     0     0     0     0     0     0     0     0     0     0     0     0     0     0  5043     0     0     0     0     0     1     0     0     0     0     0     0     0     0     0     0     0     0     0     0     0 

   RB	    0    89     1     0    19     3     5     0    11   185     0     0    38     1     0     4     4     0     0     0     7     0     3  2567     2     3     8     0    14     0     0     4    20     8    45     1     0     0     1     1     0     0     8    27 

   EX	    0     0     0     0     0     0     0     0     0     0     0     0     0     0     0     0     0     0     0     0     0     0     0    12    64     0     0     0     0     0     0     0     0     0     0     0     0     0     0     0     0     0     0     0 

  VBZ	    0     8    12     0     0     0     1     0     7    19     0     0     0     0     0     0     0     0     0     0     2     0     5     1     0  1768     5     0    63     0     0     1    13     4     6     0     1     0     9     0     0     0     7     7 

    $	    0     0     0     0     0     0     0     0     0     0     0     0     0     0     0     1     0     0     0     0     0     0     0     0     0     0   813     0     0     0     0     0     0     0     0     0     0     0     0     0     0     0     0     0 

    #	    0     0     0     0     0     0     0     0     0     0     0     0     0     0     0    39     0     0     0     0     0     0     0     0     0     0     0     0     0     0     0     0     0     0     0     0     0     0     0     0     0     0     0     0 

  NNS	    2    78     0     0     0    25     5     0    19     7     0     0     0     0     0     5     0     0     0     0    17     0    25    11     0    37     3     0  5393     0     7     5    85    21    87     9     1     0     2     1     3     0    21    29 

  PDT	    0     2     0     0     0     0     0     0     1     0     0     0     0     0     0     0     0     0     0     0     0     0     0     4     0     0     0     0     0    23     0     0     0     0     2     0     0     0     0     0     0     0     0     1 

   ``	    0     0     0     0     0     2     0     0     0     0     0     0     0     0     0     0     0     0     0     0     0     0     0     0     0     0     0     0     3     0   587     0     1     0     0     0     0     0     1     0     0     0     0     2 

  VBP	    0    12     1     0     0     1     0     0    82    12     0     0     0     0     0     0     1     0     0     0     0     0     1     0     0     2     0     0     0     0     0   888     4     1    29     1     1     0    11     0     0     0     3     4 

  NNP	    1   419    15     0     0   108     5     0    31    39     0     0     0     0     1    35     4     0     1     0    53     0    32    10     0    13    22     0    82     0    25     5  7889    23   750     2    20     0     9     4    26     0    51    87 

  VBN	    0    72     1     0     0     1     0     0    16     7     0     0     1     0     0     3     1     0     0     0     7     0     5     7     0     0     3     0    14     0     2     2     9  1680    13     1     1     0   170     1     3     0     3    15 

   NN	    0   271    10     0     0    35     3     1    29    28     0     2     0     0     0    24     3     0     0     0    50     0    17    13     0    13    10     0    67     2     4    12   436    34 12567     9    37     0    13     2     1     0    36    81 

   TO	    0     0     0     0     0     0     0     0     0     0     0     0     0     0     0     0     0     0     0     0     0     0     0     0     0     0     0     0     0     0     0     0     0     0     0  2326     0     0     0     0     0     0     0     0 

  VBG	    0    73     0     0     0     5     0     0    21    33     0     1     1     0     0     7     1     0     0     0     6     0     7     5     0     4     6     0     4     0     2     4    14    18    91     1  1001     0     4     0     0     0     6    45 

   WP	    0     0     0     0     0     0     0     0     1     1     0     0     0     0     0     0     0     0     0     0     0     0     0     0     0     0     1     0     0     0     0     0     0     0     0     0     0   214     0     0     0     0     0     4 

  VBD	    0    14     7     0     0     3     4     0    11    24     0     0     0     0     0     0     1     0     0     0     5     0    11     2     0     2     1     0     5     0     0     4    18   128    14     0     3     0  2945     0     0     0     6    10 

-RRB-	    0     1     0     0     0     0     1     0     1     0     0     0     0     0     0     0     0     0     0     0     0     0     0     0     0     0     0     0     0     0     0     0     2     0     0     0     0     0     0   118     0     0     0     0 

  WDT	    0     0     0     0     0     0     0     0     2    52     0     0     0     0     0     0     0     0     0     0     0     0     0     0     0     0     0     0     0     0     0     0     1     0     0     0     0     5     0     0   363     0     0     4 

 PRP$	    0     0     0     0     0     1     0     0     0     0     0     0     0     0     0     0     0     0     0     0     0     0     0     0     0     0     0     0     0     0     0     0     0     0     0     0     0     0     0     0     0   785     0     0 

   ''	    0     0     1     0     0     0     0     0     0     0     0     0     0     0     0     0     0     0     0     0     0     0     0     0     0     0     0     0     0     0     0     0     0     0     0     0     0     0     0     0     0     0   576     0 

   DT	    0     0     0     0     0     0     1     0     0    34     0     0     0     0     0     1     0     0     0     0     0     0     0    11     0     0     0     0     1     0     0     0     1     0     1     0     0     0     0     0    20     0     0  8173 

  POS	 Rec.	Prec.	F1
 NNPS	0.7857	0.0381	0.0726
   JJ	0.8240	0.8540	0.8387
  POS	0.9366	0.9737	0.9548
  RBS	0.8529	0.5577	0.6744
  RBR	0.6400	0.4604	0.5356
  PRP	0.8722	0.9873	0.9262
   MD	0.9733	0.9880	0.9806
   FW	0.0000	0.0000	  NaN
   VB	0.9021	0.9358	0.9186
   IN	0.9449	0.9852	0.9646
-LRB-	1.0000	0.9508	0.9748
    :	0.9940	0.9940	0.9940
   RP	0.5809	0.3816	0.4606
  JJS	0.8967	0.8049	0.8483
  JJR	0.8339	0.7844	0.8084
   CD	0.9634	0.9951	0.9790
   CC	0.9884	0.9875	0.9879
  WP$	1.0000	0.7500	0.8571
  WRB	0.9943	0.9563	0.9749
   UH	  NaN	0.0000	  NaN
    .	0.9557	0.9995	0.9771
  SYM	0.0000	0.0000	  NaN
    ,	0.9756	0.9998	0.9876
   RB	0.8954	0.8337	0.8634
   EX	0.9697	0.8421	0.9014
  VBZ	0.9470	0.9118	0.9291
    $	0.9043	0.9988	0.9492
    #	  NaN	0.0000	  NaN
  NNS	0.9327	0.9144	0.9235
  PDT	0.8214	0.6970	0.7541
   ``	0.9201	0.9849	0.9514
  VBP	0.9108	0.8425	0.8753
  NNP	0.8916	0.8081	0.8478
  VBN	0.8061	0.8243	0.8151
   NN	0.9080	0.9100	0.9090
   TO	0.9868	1.0000	0.9934
  VBG	0.9312	0.7360	0.8222
   WP	0.9772	0.9683	0.9727
  VBD	0.9218	0.9152	0.9184
-RRB-	0.9291	0.9593	0.9440
  WDT	0.8582	0.8501	0.8541
 PRP$	0.9937	0.9987	0.9962
   ''	0.7869	0.9983	0.8801
   DT	0.9458	0.9915	0.9681


     	0.8608	0.7811	0.8696
