Learning tags using data from a2_data/sents.train4_trn...
Saving model...
Testing model using data from a2_data/sents.train4_tst...
Took 99285 ms to tag 3984 lines. 
     	 NNPS    JJ   POS   RBS   RBR   PRP    MD    FW    VB    IN -LRB-     :    RP   JJS   JJR    CD    CC   WP$   WRB    UH     .   SYM     ,    RB    EX   VBZ     $     #   NNS   PDT    ``   VBP   NNP   VBN    NN    TO   VBG    WP   VBD -RRB-   WDT  PRP$    ''    DT 
 NNPS	    4    12     0     0     0     5     0     0     0     0     0     0     0     0     0     0     0     0     0     0     7     0     2     1     0     0     0     0   164     0     0     1   176     1    16     0     1     0     0     0     0     0     2     2 

   JJ	    0  5346     6     0     0    10     0     0    15    18     0     2     0     0     0    18     5     0     0     0    23     0     9    67     0     2     9     0    35     1     2     6   189   105   133     2     7     0    11     0     2     0    10    89 

  POS	    0     0   859     0     0     0     0     0     0     0     0     0     0     0     0     0     0     0     0     0     0     0     0     0     0    19     0     0     0     0     0     0     0     0     0     0     0     0     0     0     0     0     3     0 

  RBS	    0     0     0    26     0     0     0     0     0     0     0     0     0     6     0     0     0     0     0     0     0     0     0     2     0     0     0     0     0     0     0     0     0     0     0     0     0     0     0     0     0     0     0     1 

  RBR	    0     1     0     0    79     1     0     0     0     0     0     0     0     0    80     0     2     0     0     0     0     0     1    38     0     0     0     0     2     0     0     1     0     1     0     0     0     0     1     0     0     0     0     0 

  PRP	    0     0     0     0     0  1670     0     0     5     0     0     0     0     0     0     0     0     0     0     0     1     0     1     1     0     1     0     0     0     0     0     0     2     0     0     0     0     0     0     0     0     5     0     1 

   MD	    0     0     0     0     0     0  1096     0     0     2     0     0     0     0     0     0     0     0     0     0     0     0     0     0     0     0     0     0     0     0     0     0     1     0     1     1     0     0     1     0     0     0     0     0 

   FW	    0     1     0     0     0     0     0     0     0     3     0     0     0     0     0     0     0     0     0     0     2     0     0     0     0     0     0     0     0     0     0     0     9     0     6     0     0     0     0     0     0     0     1     1 

   VB	    0    14     2     0     0     2     0     0  2636     9     0     0     1     0     0     0     2     0     0     0     4     0     1     5     0     0     5     0     0     0     1    43     7    10    45     0     3     0     3     0     0     0     2     5 

   IN	    0     7     0     0     0     0     0     0     0  9510     0     0    16     0     0     0     0     0     0     0     2     0     1   103     0     0     1     0     0     0     1     0     2     0     0     0     0     0     0     0     2     0     1    29 

-LRB-	    0     3     0     0     0     0     0     0     1     0   132     0     0     0     0     0     0     0     0     0     0     0     0     0     0     0     0     0     0     0     0     0     0     1     2     0     0     0     1     0     0     0     0     0 

    :	    0     0     0     0     0     0     0     0     2     0     0   474     0     0     0     0     0     0     0     0     1     0     0     0     0     0     0     0     0     0     0     0     0     0     0     0     0     0     0     0     0     0     0     2 

   RP	    0     1     0     0     0     0     0     0     0    81     0     0    90     0     0     0     0     0     0     0     1     0     0    56     0     0     0     0     0     0     0     0     0     0     0     0     0     0     0     0     0     0     0     0 

  JJS	    0    18     0     2     0     1     0     0     1     0     0     0     0   168     1     0     0     0     0     0     1     0     0     0     0     0     1     0     0     0     0     0     2     0     9     0     0     0     0     0     0     0     0     0 

  JJR	    0    19     0     0    13     0     0     0     2     0     0     0     0     0   244     0     1     0     0     0     0     0     1     5     0     0     0     0     1     0     0     0     4     5     4     1     1     0     2     0     1     0     0     9 

   CD	    0     7     0     0     0     4     0     0     1     0     0     0     0     0     0  3626     0     0     0     0     0     0     0     0     0     0     0     0    13     0     1     0     5     0     9     0     0     0     0     0     0     0     1     8 

   CC	    0     0     0     0     3     0     0     0     0     1     0     0     0     0     0     0  2390     0     0     0     0     0     0     5     0     0     0     0     0     0     0     0     0     0     0     0     0     0     0     0     0     0     0     3 

  WP$	    0     0     0     0     0     0     0     0     0     1     0     0     0     0     0     0     0    11     0     0     0     0     0     0     0     0     0     0     0     0     0     0     0     0     0     0     0     0     0     0     0     0     0     0 

  WRB	    0     0     0     0     0     4     0     0     0     1     0     0     0     0     0     0     0     0   209     0     2     0     1     0     0     0     0     0     1     0     0     0     0     1     0     0     0     0     0     0     0     0     0     0 

   UH	    0     0     0     0     0     0     0     0     0     0     0     0     0     0     0     0     0     0     0     2     0     0     0     4     0     0     0     0     0     0     0     0     2     0     1     0     0     0     0     0     0     0     0     0 

    .	    0     0     0     0     0     0     0     0     1     0     0     0     0     0     0     0     0     0     0     0  3941     0     0     0     0     0     0     0     0     0     0     0     0     0     0     0     0     0     0     0     0     0     0     0 

  SYM	    0     0     0     0     0     2     0     0     0     1     0     0     0     0     0     1     0     0     0     0     0     0     0     0     0     0     0     0     0     0     0     0     0     0     0     0     0     0     0     0     0     0     0     0 

    ,	    0     0     0     0     0     0     0     0     0     0     0     0     0     0     0     0     0     0     0     0     0     0  5054     0     0     0     0     0     0     0     0     0     0     0     0     0     0     0     0     0     0     0     0     0 

   RB	    0    81     1     0    13     7     7     0    15   102     0     0     9     0     2     2     2     0     0     1    10     0     3  2593     2     3     3     0    11     0     0     7    23    11    26     2     0     0     2     0     0     0     6    23 

   EX	    0     0     0     0     0     0     0     0     0     0     0     0     0     0     0     0     0     0     0     0     0     0     0     6    81     0     0     0     0     0     0     0     0     0     0     0     0     0     0     0     0     0     0     0 

  VBZ	    0     8    11     0     0     1     2     0     9    22     0     0     0     0     0     0     1     0     0     0     0     0     4     1     0  2095     0     0    77     0     1     1     9     7     7     0     6     0    13     0     0     0     7     9 

    $	    0     0     0     0     0     0     0     0     0     0     0     0     0     0     0     0     0     0     0     0     0     0     0     0     0     0   749     0     0     0     0     0     0     0     0     0     0     0     0     0     0     0     0     0 

    #	    0     0     0     0     0     0     0     0     0     0     0     0     0     0     0     2     0     0     0     0     0     0     0     0     0     0     0     0     0     0     0     0     0     0     0     0     0     0     0     0     0     0     0     0 

  NNS	    0    45     8     0     0    27    11     0    17     6     0     0     0     0     0     9     2     0     0     0    16     0    19     6     0    17     4     0  5266     0     4     1   106    17    98    11     1     0     1     0     4     0    21    16 

  PDT	    0     3     0     0     0     0     0     0     1     1     0     0     0     0     0     0     0     0     0     0     0     0     0     3     0     0     0     0     0    19     0     0     0     0     0     0     1     0     0     0     0     0     0     4 

   ``	    0     0     0     0     0     0     0     0     0     0     0     0     0     0     0     0     0     0     0     0     0     0     0     0     0     0     0     0     4     0   799     0     0     1     2     0     0     0     0     0     0     0     0     0 

  VBP	    0     3     2     0     0     0     1     0    72     9     0     0     0     0     0     1     1     0     0     0     3     0     4     1     0     4     2     0     5     0     1  1064     5     2    43     0     2     0    15     0     0     0     4     3 

  NNP	    0   500    19     0     0   129     8     0    36    28     0     0     0     0     1    43     9     0     0     0    88     0    46    23     0    18    24     0    63     0    15     8  7666    16   780    18     2     0     8     7    22     1    60   119 

  VBN	    0   135     0     0     0     5     0     0    11     8     0     0     0     0     0     3     1     0     0     0     5     1     8     7     0     1     2     0    12     0     1     2    13  1599    14     0     4     0   143     0     1     0     9    24 

   NN	    0   301    10     0     0    44     2     0    39    26     0     0     1     0     0    24     8     0     0     0    51     1    17    12     0     8    24     0    69     2     4    11   406    12 11979    12    39     0    11     0     5     0    33    62 

   TO	    0     0     0     0     0     0     0     0     0     0     0     0     0     0     0     0     0     0     0     0     0     0     0     0     0     0     0     0     0     0     0     0     0     0     0  2282     0     0     0     0     0     0     0     0 

  VBG	    0    96     5     0     0     4     1     0    12    55     0     0     0     0     0     3     3     0     1     0    11     0     8     6     0     3     7     0    11     0     5     3    21    28   134     1  1087     0     6     0     0     0    10    47 

   WP	    0     0     0     0     0     0     0     0     2     0     0     0     0     0     0     0     0     0     0     0     1     0     0     0     0     0     0     0     0     0     0     0     1     1     1     0     0   263     0     0     0     0     0     1 

  VBD	    0    17     8     0     0     0     4     0     9    28     0     0     0     0     0     1     0     0     0     0     4     0    10     1     0     2     2     0     5     0     0     3    16   126     9     0     3     0  2570     0     0     0     5     6 

-RRB-	    0     1     0     0     0     0     1     0     1     0     0     0     0     0     0     0     0     0     0     0     1     0     0     0     0     0     0     0     0     0     0     0     0     0     0     0     0     0     0   135     0     0     0     1 

  WDT	    0     2     0     0     0     0     0     0     2    49     0     0     0     0     0     0     0     0     1     0     0     0     0     0     0     0     0     0     0     0     0     0     0     0     0     0     0     3     0     0   370     0     0     1 

 PRP$	    0     0     0     0     0     2     0     0     0     0     0     0     0     0     0     0     0     0     0     0     0     0     0     0     0     0     0     0     0     0     0     0     0     0     0     0     0     0     0     0     0   853     0     0 

   ''	    0     0     2     0     0     0     0     0     0     0     0     0     0     0     0     0     0     0     0     0     0     0     0     0     0     0     0     0     0     0     0     0     0     0     0     0     0     0     0     0     0     0   780     0 

   DT	    0     2     0     0     0     1     0     0     0    22     0     0     0     0     0     4     6     0     0     0     0     0     1    16     0     0     0     0     0     0     1     0     0     0     6     0     0     0     1     0    17     0     0  8198 

  POS	 Rec.	Prec.	F1
 NNPS	1.0000	0.0102	0.0201
   JJ	0.8072	0.8732	0.8389
  POS	0.9207	0.9750	0.9471
  RBS	0.9286	0.7429	0.8254
  RBR	0.7315	0.3816	0.5016
  PRP	0.8702	0.9899	0.9262
   MD	0.9673	0.9946	0.9808
   FW	  NaN	0.0000	  NaN
   VB	0.9121	0.9414	0.9265
   IN	0.9526	0.9829	0.9675
-LRB-	1.0000	0.9429	0.9706
    :	0.9958	0.9896	0.9927
   RP	0.7692	0.3930	0.5202
  JJS	0.9655	0.8235	0.8889
  JJR	0.7439	0.7796	0.7613
   CD	0.9703	0.9867	0.9784
   CC	0.9823	0.9950	0.9886
  WP$	1.0000	0.9167	0.9565
  WRB	0.9905	0.9543	0.9721
   UH	0.6667	0.2222	0.3333
    .	0.9440	0.9997	0.9710
  SYM	0.0000	0.0000	  NaN
    ,	0.9736	1.0000	0.9866
   RB	0.8754	0.8739	0.8747
   EX	0.9759	0.9310	0.9529
  VBZ	0.9641	0.9144	0.9386
    $	0.8992	1.0000	0.9469
    #	  NaN	0.0000	  NaN
  NNS	0.9176	0.9185	0.9181
  PDT	0.8636	0.5938	0.7037
   ``	0.9557	0.9913	0.9732
  VBP	0.9244	0.8532	0.8874
  NNP	0.8847	0.7857	0.8323
  VBN	0.8225	0.7959	0.8090
   NN	0.8990	0.9066	0.9028
   TO	0.9794	1.0000	0.9896
  VBG	0.9395	0.6932	0.7978
   WP	0.9887	0.9741	0.9813
  VBD	0.9215	0.9084	0.9149
-RRB-	0.9507	0.9643	0.9574
  WDT	0.8726	0.8645	0.8685
 PRP$	0.9930	0.9977	0.9953
   ''	0.8168	0.9974	0.8981
   DT	0.9462	0.9907	0.9679


     	0.8924	0.7920	0.8626
