Learning tags using data from a2_data/sents.train6_trn...
Saving model...
Testing model using data from a2_data/sents.train6_tst...
Took 128644 ms to tag 3984 lines. 
     	 NNPS    JJ   POS   RBS   RBR   PRP    MD    FW    VB    IN -LRB-     :    RP   JJS   JJR    CD    CC   WP$   WRB    UH     .   SYM     ,    RB    EX   VBZ     $     #   NNS    ``   PDT   VBP   NNP   VBN    NN    TO   VBG    WP   VBD -RRB-   WDT  PRP$    ''    DT 
 NNPS	    4    11     1     0     0     2     4     0     1     1     0     0     0     0     0     1     0     0     0     0     2     0     4     1     0     1     0     0    85     2     0     0    68     2    24     0     0     0     1     0     0     0     2     1 

   JJ	    0  5251    14     0     0    15     3     0    20    18     0     0     1     0     1    30     6     0     0     0    17     0     9    74     0     6     5     0    40     5     1     5   179   147   171     5    13     0    23     2     5     1    16   125 

  POS	    0     0   931     0     0     0     0     0     0     0     0     0     0     0     0     0     0     0     0     0     0     0     0     0     0    26     0     0     0     0     0     0     0     0     0     0     0     0     0     0     0     0     1     0 

  RBS	    0     0     0    35     0     0     0     0     0     0     0     0     0    10     0     0     0     0     0     0     0     0     0     1     0     0     0     0     0     0     0     1     0     2     0     0     1     0     0     0     0     0     0     0 

  RBR	    0     3     0     0    79     0     0     0     0     0     0     0     0     0    47     0     2     0     0     0     0     0     0    23     0     0     0     0     0     0     0     0     0     2     1     0     0     0     0     0     0     0     0     0 

  PRP	    0     0     0     0     0  1906     0     0     0     3     0     0     0     0     0     0     0     0     0     0     0     0     0     1     0     1     0     0     2     0     0     1     0     2     4     0     0     0     0     0     0     9     1     1 

   MD	    0     0     0     0     0     0   836     0     0     0     0     0     0     0     0     0     0     0     0     0     0     0     0     0     0     0     0     0     0     2     0     3     0     0     1     0     0     0     0     0     0     0     0     0 

   FW	    0    12     0     0     0     2     0     0     1     1     0     0     0     0     0     0     2     0     0     0     2     0     0     0     0     0     0     0     0     0     0     0    18     0     3     0     0     0     2     1     0     0     0     5 

   VB	    0    11     2     0     0     3     1     0  2241    12     0     0     0     0     0     1     0     0     0     0     2     0     4     3     0     0     5     0     3     3     0    49     3     5    36     1     2     0     6     1     0     0     4     7 

   IN	    0     4     0     0     0     0     0     0     2  9545     0     0    31     0     0     0     0     0     0     0     1     0     0   103     0     0     2     0     1     0     0     0     3     0     1     0     0     0     0     0     1     0     0    40 

-LRB-	    0     0     0     0     0     0     1     0     2     0   161     0     0     0     0     0     0     0     0     0     3     0     0     1     0     0     0     0     0     0     0     0     0     0     0     0     0     0     1     0     0     0     0     0 

    :	    0     2     0     0     0     0     1     0     0     0     0   531     0     0     0     0     0     0     0     0     1     0     0     0     0     0     0     0     1     0     0     0     0     0     0     0     0     0     0     0     0     0     0     1 

   RP	    0     0     0     0     0     0     0     0     0   105     0     0    91     0     0     0     0     0     0     0     1     0     0    64     0     0     0     0     0     0     0     0     0     1     0     0     0     0     0     0     0     0     0     0 

  JJS	    0    11     0     4     0     1     0     0     0     0     0     0     0   175     0     0     0     0     0     0     0     0     0     2     0     1     0     0     3     0     0     0     1     0     8     0     0     0     0     0     0     0     0     0 

  JJR	    0    22     0     0    15     2     0     0     4     0     0     0     0     0   261     1     0     0     0     0     1     0     3     6     0     1     0     0     6     1     0     0     5     2     2     0     0     0     1     0     0     0     1     8 

   CD	    0     3     0     0     0     0     0     0     0     0     0     0     0     0     0  3773     0     0     0     0     0     0     0     0     0     0     1     0     7     0     0     0     3     1     9     0     0     0     0     0     0     0     0     6 

   CC	    0     0     0     0     5     0     0     0     0     1     0     0     0     0     0     0  2226     0     0     0     0     0     0     5     0     0     0     0     0     0     0     0     0     0     0     1     0     0     0     0     0     0     0     4 

  WP$	    0     1     0     0     0     0     0     0     0     2     0     0     0     0     0     0     0    17     0     0     3     0     0     0     0     0     0     0     0     0     0     0     0     0     0     0     0     0     0     0     0     0     0     0 

  WRB	    0     1     0     0     0     1     0     0     1     1     0     0     0     0     0     0     1     0   221     0     1     0     0     1     0     0     1     0     1     0     0     1     0     1     0     1     0     0     0     0     0     0     0     0 

   UH	    0     0     0     0     0     2     0     0     1     0     0     0     0     0     0     0     0     0     0     1     0     0     0     6     0     0     0     0     0     0     0     0     3     1     1     0     0     0     0     0     0     0     0     1 

    .	    0     0     0     0     0     0     0     0     0     0     0     0     0     0     0     0     0     0     0     0  3967     0     0     0     0     0     0     0     0     0     0     0     0     0     0     0     0     0     0     0     0     0     0     0 

  SYM	    0     0     0     0     0     1     0     0     0     0     0     0     0     0     0     1     0     0     0     0     1     0     0     0     0     0     1     0     0     0     0     0     2     0     0     0     0     0     0     0     0     0     0     2 

    ,	    0     0     0     0     0     0     0     0     0     0     0     0     0     0     0     0     0     0     0     0     0     0  4947     0     0     0     0     0     0     0     0     0     0     0     0     0     0     0     0     0     0     0     0     0 

   RB	    0    89     0     0     4     6     8     0    12   197     0     0    16     1     3     2     0     0     0     0    12     0     4  2710     0     0     2     0    19     0     0     7    22    13    32     4     1     0     3     0     3     0     9    42 

   EX	    0     0     0     0     0     0     0     0     0     0     0     0     0     0     0     0     0     0     0     0     0     0     0    13    85     0     0     0     0     0     0     0     0     0     0     0     0     0     0     0     0     0     0     0 

  VBZ	    0     4     9     0     0     0     2     0     3    16     0     1     0     0     0     2     0     0     0     0     5     0     5     2     0  2019     4     0    73     1     0     5    15    10     8     1     1     0     7     2     0     0    11     9 

    $	    0     0     0     0     0     0     0     0     0     0     0     0     0     0     0     0     0     0     0     0     0     0     0     0     0     0   779     0     0     0     0     0     0     0     0     0     0     0     0     0     0     0     0     0 

    #	    0     0     0     0     0     0     0     0     0     0     0     0     0     0     0    19     0     0     0     0     0     0     0     0     0     0     0     0     0     0     0     0     0     0     0     0     0     0     0     0     0     0     0     0 

  NNS	    0    28     6     0     0    28     7     0    19    11     0     0     0     0     0     9     0     0     0     0    18     0    18    12     0    27     4     0  5294     3     0     8   102    37   110     9     5     0     4     0     4     0    23    26 

   ``	    0     0     0     0     0     0     0     0     0     0     0     0     0     0     0     0     0     0     0     0     1     0     0     0     0     0     0     0     1   711     0     0     1     0     0     0     0     0     0     0     0     0     0     0 

  PDT	    0     8     0     0     0     0     0     0     1     1     0     0     0     0     0     0     1     0     0     0     0     0     0     0     0     0     0     0     0     0    23     0     0     0     0     0     0     0     0     0     0     0     0     9 

  VBP	    0     3     0     0     0     1     1     0   120    20     0     0     0     0     0     0     1     0     0     0     3     0     0     4     0     2     0     0     3     0     0  1079     2     4    35     0     6     0    13     0     0     0     2     4 

  NNP	    2   356    22     0     0   121     8     0    33    34     0     1     0     0     1    40     8     0     1     0    83     0    45    11     0    23    26     0   100    23     0     4  7316    23   598     7     5     0    15     7    30     0    56   100 

  VBN	    0    72     0     0     0     4     1     0     8     8     0     1     0     0     0     4     1     0     0     0     2     0     4     8     0     1     2     0    12     2     0     2    13  1661     7     5     5     0   135     0     0     0     6    16 

   NN	    0   246    11     0     0    44     9     0    40    21     0     1     0     0     0    16     3     0     0     0    52     0    24    22     0    12    27     0   136     7     0    11   384    28 11800    10    33     0     3     3    11     0    33    55 

   TO	    0     0     0     0     0     0     0     0     0     0     0     0     0     0     0     0     0     0     0     0     0     0     0     0     0     0     0     0     0     0     0     0     0     0     0  2169     0     0     0     0     0     0     0     0 

  VBG	    0    67     3     0     0     4     0     0    14    41     0     0     1     0     0     6     3     0     0     0    12     0     5     5     0     4     8     0     8     3     0     1    25    30   101     1  1049     0     4     0     0     0     9    48 

   WP	    0     1     0     0     0     0     0     0     1     1     0     0     0     0     0     0     0     0     0     0     0     0     0     0     0     0     0     0     0     0     0     0     0     0     0     0     0   239     0     0     0     0     0     5 

  VBD	    0    10     4     0     0     1     0     0    13    37     0     0     0     0     0     1     1     0     0     0     4     0    17     1     0     3     3     0     4     0     0     3    18   138     8     2     5     0  2719     1     0     0    12    11 

-RRB-	    0     1     0     0     0     0     0     0     0     0     0     0     0     0     0     0     0     0     0     0     1     0     0     1     0     0     0     0     0     0     0     0     0     1     0     1     0     0     0   164     0     0     0     1 

  WDT	    0     0     0     0     0     0     0     0     2    47     0     0     0     0     0     0     0     0     0     0     0     0     0     0     0     0     0     0     0     1     0     0     1     0     0     0     0     2     0     0   371     0     0     1 

 PRP$	    0     1     0     0     0     2     0     0     0     0     0     0     0     0     0     0     0     0     0     0     0     0     0     0     0     0     0     0     0     0     0     1     0     0     1     0     0     0     0     0     0   908     0     0 

   ''	    0     0     1     0     0     0     0     0     0     0     0     0     0     0     0     0     0     0     0     0     0     0     0     0     0     0     0     0     0     0     0     0     0     0     0     0     0     0     0     0     0     0   702     0 

   DT	    0     4     0     0     0     0     0     0     0    30     0     0     0     0     0     1     4     0     0     0     0     0     0    13     0     0     0     0     2     0     0     1     1     0     8     0     0     0     0     0    21     0     0  7795 

  POS	 Rec.	Prec.	F1
 NNPS	0.6667	0.0183	0.0357
   JJ	0.8439	0.8458	0.8449
  POS	0.9273	0.9718	0.9490
  RBS	0.8974	0.7000	0.7865
  RBR	0.7670	0.5032	0.6077
  PRP	0.8882	0.9871	0.9350
   MD	0.9478	0.9929	0.9698
   FW	  NaN	0.0000	  NaN
   VB	0.8826	0.9318	0.9066
   IN	0.9401	0.9806	0.9599
-LRB-	1.0000	0.9527	0.9758
    :	0.9925	0.9888	0.9907
   RP	0.6500	0.3473	0.4527
  JJS	0.9409	0.8495	0.8929
  JJR	0.8339	0.7632	0.7969
   CD	0.9657	0.9921	0.9787
   CC	0.9854	0.9929	0.9891
  WP$	1.0000	0.7391	0.8500
  WRB	0.9955	0.9485	0.9714
   UH	1.0000	0.0625	0.1176
    .	0.9456	1.0000	0.9721
  SYM	  NaN	0.0000	  NaN
    ,	0.9721	1.0000	0.9859
   RB	0.8762	0.8414	0.8584
   EX	1.0000	0.8673	0.9290
  VBZ	0.9492	0.9115	0.9300
    $	0.8954	1.0000	0.9448
    #	  NaN	0.0000	  NaN
  NNS	0.9126	0.9109	0.9117
   ``	0.9306	0.9958	0.9621
  PDT	0.9583	0.5349	0.6866
  VBP	0.9129	0.8281	0.8684
  NNP	0.8938	0.8040	0.8466
  VBN	0.7868	0.8389	0.8120
   NN	0.9099	0.9048	0.9073
   TO	0.9783	1.0000	0.9891
  VBG	0.9316	0.7225	0.8138
   WP	0.9917	0.9676	0.9795
  VBD	0.9258	0.9015	0.9135
-RRB-	0.9061	0.9647	0.9345
  WDT	0.8318	0.8729	0.8519
 PRP$	0.9891	0.9945	0.9918
   ''	0.7905	0.9986	0.8825
   DT	0.9366	0.9892	0.9622


     	0.9110	0.7822	0.8523
