Learning tags using data from a2_data/sents.train7_trn...
Saving model...
Testing model using data from a2_data/sents.train7_tst...
Took 98136 ms to tag 3984 lines. 
     	 NNPS    JJ   POS   RBS   RBR   PRP    MD    FW    VB    LS    IN -LRB-     :    RP   JJS   JJR    CD    CC   WP$   WRB    UH     .   SYM     ,    RB    EX   VBZ     $     #   NNS   PDT    ``   VBP   NNP   VBN    NN    TO   VBG    WP   VBD -RRB-   WDT  PRP$    ''    DT 
 NNPS	    0     3     3     0     0     0     0     0     0     0     1     0     0     0     0     0     1     0     0     0     0     1     0     1     0     0     0     0     0    55     0     0     0    84     1    12     0     0     0     0     0     0     0     1     4 

   JJ	    0  5314    13     0     0    14     1     0    23     0    25     0     0     0     0     0    33     9     0     0     3    20     0     5    85     0     4     5     0    37    10     3     5   142   110   157     7    14     0     9     0     1     0     8   116 

  POS	    0     0   787     0     0     0     0     0     0     0     0     0     0     0     0     0     0     0     0     0     0     0     0     0     0     0    11     0     0     0     0     0     0     0     0     0     0     0     0     0     0     0     0     3     0 

  RBS	    0     0     0    36     0     0     0     0     0     0     0     0     0     0     7     0     0     0     0     0     0     2     0     0     3     0     1     0     0     0     0     0     1     0     0     1     0     0     0     0     0     0     0     0     0 

  RBR	    0     3     0     0    78     0     0     0     1     0     2     0     0     0     0    61     0     2     0     0     0     0     0     0    36     0     1     0     0     0     0     0     0     2     2     0     0     0     0     0     0     0     0     0     0 

  PRP	    0     1     0     0     0  1736     0     0     3     0     1     0     0     0     0     0     3     0     0     0     0     0     0     0     0     0     0     0     0     0     0     0     0     1     1     4     1     0     0     0     0     0     1     0     0 

   MD	    0     0     0     0     0     1   966     0     0     0     0     0     0     0     0     0     0     0     0     0     0     0     0     0     0     0     0     0     0     0     0     0     1     3     0     0     0     0     0     1     0     0     0     0     0 

   FW	    0     0     0     0     0     2     0     0     0     0     3     0     0     0     0     0     0     1     0     0     1     2     0     0     0     0     0     0     0     0     0     0     0     4     0     2     0     0     0     0     0     0     0     0     1 

   VB	    0    13     0     0     0     2     1     0  2394     0    19     0     0     1     0     0     1     3     0     1     1     1     0     2     4     0     1     4     0     9     0     6    91    16    12    51     1     2     0     4     0     0     0     3     9 

   LS	    0     1     0     0     0     0     0     0     0     0     0     0     0     0     0     0     4     0     0     0     0     0     0     0     0     0     0     0     0     0     0     0     0     1     0     0     0     0     0     0     0     0     0     0     0 

   IN	    0     5     0     0     0     0     0     0     2     0  9715     0     0    16     0     0     0     4     0     0     0     1     0     0    74     0     0     0     0     0     0     0     0     5     0     1     0     0     0     0     0     4     0     0    41 

-LRB-	    0     1     0     0     0     0     0     0     0     0     0    92     0     0     0     0     0     0     0     0     0     0     0     0     0     0     0     0     0     1     0     0     0     0     0     0     0     0     0     0     0     0     0     0     0 

    :	    0     1     0     0     0     0     0     0     0     0     0     0   429     0     0     0     0     0     0     0     0     0     0     0     0     0     0     0     0     0     0     0     0     0     0     0     0     0     0     0     0     0     0     0     0 

   RP	    0     0     0     0     0     0     0     0     0     0    94     0     0   118     0     0     0     0     0     0     0     0     0     0    52     0     0     0     0     1     0     0     0     0     0     1     0     0     0     0     0     0     0     0     0 

  JJS	    0    16     0     3     0     0     0     0     1     0     0     0     0     0   185     0     0     0     0     0     0     0     0     1     1     0     0     0     0     1     0     0     0     0     0     7     0     0     0     0     0     0     0     0     2 

  JJR	    0    24     0     0    19     1     0     0     2     0     1     0     0     0     0   274     1     1     0     0     0     0     0     0     5     0     0     2     0     2     0     0     0     5     5     4     0     0     0     0     0     0     0     1    14 

   CD	    0    14     0     0     0     7     0     0     0     0     0     0     0     0     0     0  3486     0     0     0     0     2     0     0     0     0     0     0     0    11     0     0     0     4     0     6     0     0     0     0     0     0     0     0     2 

   CC	    0     0     0     0     0     0     1     0     1     0     3     0     0     0     0     0     0  2367     0     0     0     0     0     0     8     0     0     0     0     1     0     0     0     0     0     0     0     0     0     0     0     0     0     0     2 

  WP$	    0     0     0     0     0     1     0     0     0     0     0     0     0     0     0     0     0     0    21     0     0     1     0     0     0     0     0     0     0     0     0     0     0     0     0     0     0     0     0     0     0     0     0     1     0 

  WRB	    0     0     0     0     0     3     0     0     1     0     1     0     0     0     0     0     0     0     0   212     0     0     0     0     0     0     0     0     0     0     0     0     2     0     1     0     0     0     0     0     0     0     0     0     1 

   UH	    0     1     0     0     0     0     1     0     0     2     0     0     0     0     0     0     0     0     0     0     0     0     0     0     2     0     0     0     0     0     0     0     0     3     0     0     0     0     0     0     0     0     0     1     0 

    .	    0     0     0     0     0     0     0     0     0     0     0     0     0     0     0     0     0     0     0     0     0  3946     0     0     0     0     0     0     0     0     0     0     0     0     0     0     0     0     0     0     0     0     0     0     0 

  SYM	    0     0     0     0     0     0     0     0     0     0     0     0     0     0     0     0     0     0     0     0     0     0     1     0     0     0     0     0     0     1     0     2     0     3     0     0     0     0     0     0     0     0     0     0     1 

    ,	    0     0     0     0     0     0     0     0     0     0     0     0     0     0     0     0     0     0     0     0     0     0     0  4807     0     0     0     0     0     0     0     0     0     0     0     0     0     0     0     0     0     0     0     0     0 

   RB	    0    70     0     0     8     6     3     0     7     0   212     0     0    33     0     4     3     3     0     0     0    11     0     5  2651     1     0     3     0    14     0     1     6    21     7    30     4     1     0     4     2     1     0     5    26 

   EX	    0     0     0     0     0     0     0     0     0     0     0     0     0     0     0     0     0     0     0     0     0     0     0     0    13    87     0     0     0     0     0     0     0     0     0     0     0     0     0     0     0     0     0     0     0 

  VBZ	    0    12    12     0     0     1     0     0    13     0    26     0     0     0     0     0     3     0     0     0     0     1     0     4     1     0  2128     1     0    78     0     1     1    10     4     8     1     3     0     6     0     0     0     9    14 

    $	    0     0     0     0     0     0     0     0     0     0     0     0     0     0     0     0     0     0     0     0     0     0     0     0     0     0     0   789     0     0     0     0     0     0     0     0     0     0     0     0     0     0     0     0     0 

    #	    0     0     0     0     0     0     0     0     0     0     0     0     0     0     0     0    12     0     0     0     0     0     0     0     0     0     0     0     0     0     0     0     0     0     0     0     0     0     0     0     0     0     0     0     0 

  NNS	    6    36     6     0     0    45    26     0    22     0     9     0     1     1     0     0     8     1     0     0     0    30     0    19    10     0    27     3     0  5742     0     4     6   114    37   114    17     3     0     4     1     4     0    24    24 

  PDT	    0     2     0     0     0     0     0     0     0     0     0     0     0     0     0     0     0     0     0     0     0     0     0     0     1     0     0     0     0     0    11     0     0     0     0     0     0     0     0     0     0     0     0     0     2 

   ``	    0     0     0     0     0     0     0     0     0     0     0     0     0     0     0     0     0     0     0     0     0     0     0     0     0     0     0     0     0     0     0   663     0     1     0     0     0     0     0     1     0     0     0     0     0 

  VBP	    0     7     0     0     0     0     1     0   130     0    16     1     0     0     0     0     0     0     0     0     0     2     0     4     3     0     1     1     0     1     0     0  1087     2     7    52     0     6     0    15     0     0     0     2     7 

  NNP	    0   399    11     0     0    86     4     0    23     2    21     1     0     0     0     5    31     4     0     0     1    49     0    37    18     0    17    21     0   123     0    10     3  6632    18   693     4     6     0     3     1    19     0    39   143 

  VBN	    0   180     0     0     0     4     1     0     8     0     6     0     0     0     0     0     2     1     0     1     0     8     0     4    13     0     3     4     0    16     0     1     6    12  1553    20     0     7     0   139     0     2     0     7    20 

   NN	    0   321    15     0     0    37     9     0    44     0    17     0     0     0     0     1    14     2     0     0     5    47     0    26     6     0    11    13     0    71     0     5    12   432    16 12189     5    41     0     6     0     7     1    22    72 

   TO	    0     0     0     0     0     0     0     0     0     0     0     0     0     0     0     0     0     0     0     0     0     0     0     0     0     0     0     0     0     0     0     0     0     0     0     0  2231     0     0     0     0     0     0     0     0 

  VBG	    0    78     7     0     0     3     0     0    14     0    50     0     0     0     0     0     3     3     0     0     0     2     0     3     5     0     0     4     0     9     0     4     6    17    30   128     0  1071     0     3     0     2     0     7    53 

   WP	    0     0     0     0     0     0     0     0     0     0     1     0     0     0     0     0     0     0     0     0     0     0     0     0     0     0     0     0     0     0     0     0     0     0     0     0     1     0   275     0     0     0     0     0     1 

  VBD	    0    18     1     0     0     0     2     0     8     0    25     0     0     0     0     0     2     3     0     0     2     5     0     8     0     0     5     4     0    10     0     1     4     9   150    11     2     2     0  2407     0     0     0    10     7 

-RRB-	    0     0     0     0     0     0     0     0     0     0     0     0     0     0     0     0     2     0     0     0     0     0     0     0     0     0     0     1     0     0     0     0     0     0     0     0     0     0     0     0    91     0     0     0     0 

  WDT	    0     2     0     0     0     0     0     0     0     0    60     0     0     0     0     0     0     0     0     0     0     0     0     0     0     0     0     0     0     0     0     0     0     0     0     0     0     1     1     0     0   372     0     0     7 

 PRP$	    0     1     0     0     0     0     0     0     1     0     1     0     0     0     0     0     0     0     0     0     0     0     0     0     0     0     0     0     0     0     0     0     0     0     0     0     0     0     0     0     0     0   850     0     0 

   ''	    0     0     2     0     0     0     0     0     0     0     0     0     0     0     0     0     0     0     0     0     0     1     0     0     0     0     0     0     0     0     0     0     0     0     0     0     0     0     0     0     0     0     0   647     0 

   DT	    0     1     0     0     0     1     0     0     0     0    35     0     0     0     0     0     0     3     0     0     0     0     0     0    19     0     0     0     0     1    13     0     0     1     0     4     0     0     0     0     0    34     0     0  8104 

  POS	 Rec.	Prec.	F1
 NNPS	0.0000	0.0000	  NaN
   JJ	0.8145	0.8608	0.8370
  POS	0.9183	0.9825	0.9493
  RBS	0.9231	0.7059	0.8000
  RBR	0.7429	0.4149	0.5324
  PRP	0.8903	0.9909	0.9379
   MD	0.9508	0.9938	0.9718
   FW	  NaN	0.0000	  NaN
   VB	0.8873	0.9027	0.8950
   LS	0.0000	0.0000	  NaN
   IN	0.9392	0.9845	0.9613
-LRB-	0.9787	0.9787	0.9787
    :	0.9977	0.9977	0.9977
   RP	0.6982	0.4436	0.5425
  JJS	0.9635	0.8525	0.9046
  JJR	0.7942	0.7590	0.7762
   CD	0.9659	0.9870	0.9763
   CC	0.9834	0.9933	0.9883
  WP$	1.0000	0.8750	0.9333
  WRB	0.9907	0.9593	0.9747
   UH	0.0000	0.0000	  NaN
    .	0.9550	1.0000	0.9770
  SYM	1.0000	0.1250	0.2222
    ,	0.9758	1.0000	0.9878
   RB	0.8807	0.8437	0.8618
   EX	0.9886	0.8700	0.9255
  VBZ	0.9629	0.9106	0.9360
    $	0.9228	1.0000	0.9599
    #	  NaN	0.0000	  NaN
  NNS	0.9285	0.9051	0.9167
  PDT	0.3235	0.6875	0.4400
   ``	0.9458	0.9970	0.9707
  VBP	0.8830	0.8082	0.8439
  NNP	0.8814	0.7873	0.8317
  VBN	0.7948	0.7696	0.7820
   NN	0.9032	0.9064	0.9048
   TO	0.9811	1.0000	0.9905
  VBG	0.9257	0.7130	0.8056
   WP	0.9964	0.9892	0.9928
  VBD	0.9251	0.8928	0.9086
-RRB-	0.9579	0.9681	0.9630
  WDT	0.8341	0.8397	0.8369
 PRP$	0.9977	0.9965	0.9971
   ''	0.8190	0.9954	0.8986
   DT	0.9344	0.9864	0.9597


     	0.8408	0.7705	0.8717
