Learning tags using data from a2_data/sents.train8_trn...
Saving model...
Testing model using data from a2_data/sents.train8_tst...
Took 97810 ms to tag 3984 lines. 
     	 NNPS    JJ   POS   RBS   RBR   PRP    MD    FW    VB    LS    IN -LRB-     :    RP   JJS   JJR    CD    CC   WP$   WRB    UH     .   SYM     ,    RB    EX   VBZ     $     #   NNS   PDT    ``   VBP   NNP   VBN    NN    TO   VBG    WP   VBD -RRB-   WDT  PRP$    ''    DT 
 NNPS	    2     1     1     0     0     3     0     0     0     0     1     0     0     0     0     0     0     0     0     0     0     1     0     1     0     0     0     0     0    91     0     0     0    66     1     7     2     0     0     0     0     1     0     3     2 

   JJ	    0  4975     6     0     0     7     1     0    21     0    30     0     0     1     0     0    28     7     0     0     1    19     0    10    80     0     1     8     0    28     6     2     6   155    98   126     4     4     0    10     1     1     1    10    95 

  POS	    0     0   737     0     0     0     0     0     0     0     0     0     0     0     0     0     0     0     0     0     0     0     0     0     0     0     8     0     0     0     0     0     0     0     0     0     0     0     0     0     0     0     0     0     0 

  RBS	    0     0     0    28     0     0     0     0     0     0     0     0     0     0     5     0     0     0     0     0     0     1     0     0     1     0     0     0     0     0     0     0     0     0     1     0     0     0     0     0     0     0     0     0     0 

  RBR	    0     2     0     0    82     0     0     0     0     0     0     0     0     0     0    59     0     1     0     0     0     2     0     0    49     0     0     0     0     1     0     0     0     0     2     1     0     0     0     0     0     0     0     1     0 

  PRP	    0     1     0     0     0  1688     0     0     3     0     1     0     0     0     0     0     1     0     0     0     0     0     0     1     0     0     0     0     0     2     0     0     0     0     0     7     0     1     0     1     0     0     4     0     2 

   MD	    0     0     0     0     0     1   915     0     0     0     1     0     0     0     0     0     0     0     0     0     0     0     0     0     0     0     1     0     0     0     0     1     0     0     0     1     0     0     0     1     0     0     0     0     0 

   FW	    0     1     0     0     0     0     0     0     0     0     1     0     0     0     0     0     0     0     0     0     0     0     0     0     0     0     0     0     0     2     0     0     0     1     1     3     0     0     0     0     0     0     0     0     0 

   VB	    0    15     0     0     0     1     0     0  2393     0    11     0     0     3     0     0     1     1     0     0     0     3     0     2     1     0     4     6     0     3     0     4    35    10    10    40     0     1     0     4     0     0     0     3     8 

   LS	    0     0     0     0     0     0     0     0     0     0     0     0     0     0     0     0     3     0     0     0     0     0     0     0     0     0     0     0     0     0     0     0     0     2     0     0     0     0     0     0     0     0     0     0     1 

   IN	    0     7     0     0     0     1     1     0     1     0  9322     0     0    41     0     0     0     2     0     0     0     1     0     0   179     0     0     0     0     0     0     0     0     9     0     2     1     0     0     0     0     4     0     2    35 

-LRB-	    0     2     0     0     0     0     0     0     0     0     0   126     0     0     0     0     0     0     0     0     0     1     0     0     0     0     0     1     0     2     0     0     0     0     2     1     0     0     0     0     0     0     0     1     0 

    :	    0     2     0     0     0     1     0     0     0     0     0     0   465     0     0     0     0     0     0     0     0     2     0     1     0     0     0     0     0     0     0     0     1     0     0     1     0     0     0     0     0     0     0     0     0 

   RP	    0     0     0     0     0     0     0     0     0     0   106     0     0   116     0     0     0     0     0     0     0     1     0     0    56     0     0     0     0     0     0     0     0     0     1     0     0     0     0     0     0     0     0     0     0 

  JJS	    0    10     0     2     0     1     0     0     1     0     0     0     0     0   154     0     0     0     0     0     0     0     0     0     3     0     0     0     0     0     0     0     0     2     1    12     0     0     0     0     0     1     0     0     1 

  JJR	    0     9     0     0    10     1     0     0     2     0     1     0     1     0     0   269     0     0     0     0     0     0     0     0     5     0     0     2     0     1     0     0     0     5     3     2     0     0     0     2     0     0     0     0     2 

   CD	    0     8     0     0     0     2     0     0     0     0     0     0     0     0     0     0  3774     0     0     0     0     1     0     0     0     0     0     0     0     9     0     0     0    10     0    16     2     0     0     0     0     0     0     0     6 

   CC	    0     0     0     0     1     0     0     0     0     0     7     0     0     0     0     1     0  2394     0     0     0     1     0     0    10     0     0     0     0     0     0     0     1     1     0     0     0     0     0     0     0     0     0     0     3 

  WP$	    0     1     0     0     0     0     0     0     0     0     2     0     0     0     0     0     0     0     7     0     0     0     0     0     0     0     0     0     0     0     0     0     1     0     0     0     0     0     0     0     0     0     0     0     0 

  WRB	    0     0     0     0     0     0     1     0     0     0     1     0     0     0     0     0     0     0     0   202     0     1     0     0     0     0     0     1     0     0     0     0     0     1     1     0     0     0     0     1     0     0     0     0     2 

   UH	    0     0     0     0     0     3     0     0     0     0     0     0     0     0     0     0     0     0     0     0     1     0     0     0     4     0     0     0     0     0     0     0     0     3     0     1     0     0     0     0     0     0     0     0     0 

    .	    0     0     0     0     0     0     0     0     0     0     0     0     0     0     0     0     0     0     0     0     0  3914     0     0     0     0     0     0     0     0     0     0     0     0     0     0     0     0     0     0     0     0     0     0     0 

  SYM	    0     2     0     0     0     1     0     0     0     0     0     0     0     0     0     0     0     0     0     0     0     0     0     0     0     0     0     0     0     0     0     2     0     3     0     0     0     0     0     0     0     0     0     0     6 

    ,	    0     0     0     0     0     0     0     0     0     0     0     0     0     0     0     0     0     0     0     0     0     0     0  4832     0     0     0     0     0     0     0     0     0     0     0     0     0     0     0     0     0     0     0     0     0 

   RB	    0    67     0     0     0     2     5     0     9     0   134     0     0     9     0     3     2     1     0     0     0     6     0     0  2548     1     3     2     0    32     0     1     2    21    10    20     5     0     0     1     0     3     0     8    25 

   EX	    0     0     0     0     0     0     0     0     0     0     0     0     0     0     0     0     0     0     0     0     0     0     0     0     8    66     0     0     0     0     0     0     0     0     0     0     0     0     0     0     0     0     0     0     0 

  VBZ	    0    14     6     0     0     0     3     0     7     0    21     0     0     0     0     0     1     2     0     0     0     3     0     7     1     0  1766     2     0    67     0     1     1     8     1     5     2     6     0     8     0     0     0     6    11 

    $	    0     0     0     0     0     0     0     0     0     0     0     0     0     0     0     0     0     0     0     0     0     0     0     0     0     0     0   849     0     0     0     0     0     0     0     0     0     0     0     0     0     0     0     0     0 

    #	    0     0     0     0     0     0     0     0     0     0     0     0     0     0     0     0     8     0     0     0     0     0     0     0     0     0     0     0     0     0     0     0     0     0     0     0     0     0     0     0     0     0     0     0     0 

  NNS	    7    39     7     0     0    30    12     0    18     0    16     0     0     0     0     0     8     3     0     0     1    19     0    16     9     0    32     7     0  5303     0     2     2    87    21    97    10     5     0     6     2     7     0    29    26 

  PDT	    0     0     0     0     0     0     0     0     0     0     0     0     0     0     0     0     0     0     0     0     0     0     0     0     0     0     0     0     0     0    13     0     0     0     0     0     0     0     0     0     0     0     0     0     1 

   ``	    0     0     0     0     0     0     0     0     0     0     0     0     0     0     0     0     0     0     0     0     0     0     0     0     0     0     0     0     0     2     0   702     0     1     0     0     0     0     0     0     0     0     0     0     0 

  VBP	    0    10     2     0     0     1     0     0   131     0    21     0     1     0     0     0     1     1     0     0     0     6     0     2     4     0     0     0     0     5     0     1   988     5     5    46     0     2     0    15     0     0     0     1     6 

  NNP	    1   418    13     0     0    95     9     0    24     0    36     0     0     0     0     2    29     5     0     0     9    70     0    29    18     0    16    18     0   120     0     6     2  7013    25   755     7     8     0     5     4    19     0    60   127 

  VBN	    0   258     1     0     0     2     1     0    10     0    11     0     0     0     0     0     4     0     0     0     1     5     0     4     7     0     0     2     0    13     0     1     2    12  1544    16     1     0     0   104     0     1     0     9    22 

   NN	    0   263    13     0     0    24     5     0    41     0    24     0     0     0     0     0     6     1     0     0     3    48     0    29     9     0    18    10     0    91     0     6     5   386    13 11857     9    31     0     9     1     4     0    21    46 

   TO	    0     0     0     0     0     0     0     0     0     0     0     0     0     0     0     0     0     0     0     0     0     0     0     0     0     0     0     0     0     0     0     0     0     0     0     0  2180     0     0     0     0     0     0     0     0 

  VBG	    0    76     2     0     0     3     2     0    17     0    38     0     0     1     0     0     5     2     0     1     0    12     0     6     7     0     5     4     0    12     0     3     9    23    27   132     3   955     0     7     0     0     0     4    44 

   WP	    0     0     0     0     0     0     0     0     1     0     2     0     0     0     0     0     0     0     0     0     0     0     0     0     0     0     0     0     0     0     0     0     0     0     1     0     0     0   192     0     0     0     0     0     2 

  VBD	    0    13     8     0     0     1     2     0    12     0    33     0     1     0     0     0     2     0     0     0     1     5     0     5     1     0     5     2     0    12     0     0     5    20   143    11     2     1     0  2881     0     0     0     8     4 

-RRB-	    0     0     0     0     0     1     3     0     0     0     0     0     0     0     0     0     0     0     0     0     0     0     0     0     0     0     0     0     0     0     0     2     0     1     0     0     0     0     0     0   135     0     0     0     0 

  WDT	    0     0     0     0     0     0     0     0     1     0    64     0     0     0     0     0     0     0     0     1     0     0     0     0     0     0     0     0     0     0     0     0     0     0     0     0     0     1     1     0     0   321     0     0     4 

 PRP$	    0     1     0     0     0     2     0     0     0     0     0     0     0     0     0     0     0     0     0     0     0     0     0     0     0     0     0     0     0     0     0     0     0     0     1     0     0     0     0     0     0     0   802     0     0 

   ''	    0     0     4     0     0     0     0     0     0     0     0     0     0     0     0     0     0     0     0     0     0     0     0     0     0     0     0     0     0     0     0     0     0     0     0     0     0     0     0     0     0     0     0   684     0 

   DT	    0     2     0     0     0     0     3     0     1     0    34     0     0     0     0     0     1     0     0     0     0     0     0     0    20     0     0     0     0     3    17     0     0     2     0     4     0     0     0     0     0    38     0     0  7926 

  POS	 Rec.	Prec.	F1
 NNPS	0.2000	0.0109	0.0207
   JJ	0.8028	0.8664	0.8334
  POS	0.9213	0.9893	0.9540
  RBS	0.9333	0.7778	0.8485
  RBR	0.8817	0.4100	0.5597
  PRP	0.9022	0.9860	0.9422
   MD	0.9502	0.9935	0.9713
   FW	  NaN	0.0000	  NaN
   VB	0.8886	0.9351	0.9113
   LS	  NaN	0.0000	  NaN
   IN	0.9399	0.9702	0.9548
-LRB-	1.0000	0.9265	0.9618
    :	0.9936	0.9831	0.9883
   RP	0.6784	0.4143	0.5144
  JJS	0.9686	0.8191	0.8876
  JJR	0.8054	0.8540	0.8290
   CD	0.9742	0.9859	0.9800
   CC	0.9893	0.9897	0.9895
  WP$	1.0000	0.6364	0.7778
  WRB	0.9902	0.9573	0.9735
   UH	0.0588	0.0833	0.0690
    .	0.9495	1.0000	0.9741
  SYM	  NaN	0.0000	  NaN
    ,	0.9771	1.0000	0.9884
   RB	0.8437	0.8726	0.8579
   EX	0.9851	0.8919	0.9362
  VBZ	0.9500	0.9061	0.9275
    $	0.9289	1.0000	0.9631
    #	  NaN	0.0000	  NaN
  NNS	0.9145	0.9110	0.9127
  PDT	0.3611	0.9286	0.5200
   ``	0.9564	0.9957	0.9757
  VBP	0.9321	0.7879	0.8539
  NNP	0.8937	0.7842	0.8354
  VBN	0.8075	0.7602	0.7832
   NN	0.9008	0.9140	0.9073
   TO	0.9785	1.0000	0.9891
  VBG	0.9409	0.6821	0.7909
   WP	0.9948	0.9697	0.9821
  VBD	0.9430	0.9065	0.9244
-RRB-	0.9441	0.9507	0.9474
  WDT	0.8025	0.8168	0.8096
 PRP$	0.9938	0.9950	0.9944
   ''	0.8047	0.9942	0.8895
   DT	0.9428	0.9845	0.9632


     	0.8689	0.7698	0.8462
