Learning tags using data from a2_data/sents.train...
Saving model...
Testing model using data from a2_data/sents.devt...
     	 NNPS    JJ   POS   RBS   RBR   PRP    MD    FW    VB    LS    IN -LRB-     :    RP   JJS   JJR    CD    CC   WP$   WRB    UH     .     ,    RB    EX   VBZ     $     #   NNS   PDT    ``   VBP   NNP   VBN    NN    TO   VBG    WP   VBD -RRB-   WDT  PRP$    ''    DT 
 NNPS	   90     0     0     0     0     0     0     0     0     0     0     0     0     0     0     0     0     0     0     0     0     0     0     0     0     0     0     0    36     0     0     0    22     0     2     0     0     0     0     0     0     0     0     0 
   JJ	    0  2697     0     0     1     0     0     0     4     0     0     0     0     1     0     1     0     0     0     0     0     0     0    34     0     0     0     0     0     0     0     2    64    15    63     0     2     0     2     0     0     0     0     0 
  POS	    0     0   425     0     0     0     0     0     0     0     0     0     0     0     0     0     0     0     0     0     0     0     0     0     0     1     0     0     0     0     0     0     0     0     0     0     0     0     0     0     0     0     0     0 
  RBS	    0     0     0    16     0     0     0     0     0     0     0     0     0     0     0     0     0     0     0     0     0     0     0     0     0     0     0     0     0     0     0     0     0     0     0     0     0     0     0     0     0     0     0     0 
  RBR	    0     0     0     0    38     0     0     0     0     0     0     0     0     0     0    12     0     0     0     0     0     0     0     1     0     0     0     0     0     0     0     0     0     0     0     0     0     0     0     0     0     0     0     0 
  PRP	    0     0     0     0     0   786     0     0     0     0     0     0     0     0     0     0     0     0     0     0     0     0     0     0     0     0     0     0     0     0     0     0     0     0     0     0     0     0     0     0     0     1     0     0 
   MD	    0     0     0     0     0     0   522     0     0     0     0     0     0     0     0     0     0     0     0     0     0     0     0     0     0     0     0     0     0     0     0     0     0     0     0     0     0     0     0     0     0     0     0     0 
   FW	    0     0     0     0     0     0     0     2     0     0     0     0     0     0     0     0     0     0     0     0     0     0     0     0     0     0     0     0     0     0     0     0     0     0     0     0     0     0     0     0     0     0     0     0 
   VB	    0     7     0     0     0     0     0     0  1286     0     0     0     0     0     0     0     0     0     0     0     2     0     0     1     0     0     0     0     0     0     0    37     5     4    31     0     0     0     3     0     0     0     0     0 
   LS	    0     0     0     0     0     0     0     0     0     3     0     0     0     0     0     0     0     0     0     0     0     0     0     0     0     0     0     0     0     0     0     0     0     0     0     0     0     0     0     0     0     0     0     0 
   IN	    0     5     0     0     0     0     0     0     1     0  4847     0     0    47     0     0     0     0     0     0     0     0     0    68     0     0     0     0     0     0     0     0     0     0     0     0     0     0     0     0     3     0     0    34 
-LRB-	    0     0     0     0     0     0     0     0     0     0     0    68     0     0     0     0     0     0     0     0     0     0     0     0     0     0     0     0     0     0     0     0     0     0     0     0     0     0     0     0     0     0     0     0 
    :	    0     0     0     0     0     0     0     0     0     0     0     0   278     0     0     0     0     0     0     0     0     0     0     0     0     0     0     0     0     0     0     0     0     0     0     0     0     0     0     0     0     0     0     0 
   RP	    0     0     0     0     0     0     0     0     0     0    10     0     0    69     0     0     0     0     0     0     0     0     0     3     0     0     0     0     0     0     0     0     0     0     0     0     0     0     0     0     0     0     0     0 
  JJS	    0     2     0     5     0     0     0     0     0     0     0     0     0     0    82     0     0     0     0     0     0     0     0     3     0     0     0     0     0     0     0     0     0     0     0     0     0     0     0     0     0     0     0     0 
  JJR	    0     1     0     0    47     0     0     0     2     0     0     0     0     0     0   174     0     0     0     0     0     0     0     1     0     0     0     0     0     0     0     0     1     0     0     0     0     0     0     0     0     0     0     0 
   CD	    0     2     0     0     0     2     0     0     0     0     0     0     0     0     0     0  2092     0     0     0     0     0     0     0     0     0     0    14    12     0     0     0     4     0     6     0     0     0     0     0     0     0     0     0 
   CC	    0     0     0     0     0     0     0     0     0     0     2     0     0     0     0     0     0  1134     0     0     0     0     0     2     0     0     0     0     0     0     0     0     3     0     0     0     0     0     0     0     0     0     0     0 
  WP$	    0     0     0     0     0     0     0     0     0     0     0     0     0     0     0     0     0     0     8     0     0     0     0     0     0     0     0     0     0     0     0     0     0     0     0     0     0     0     0     0     0     0     0     0 
  WRB	    0     0     0     0     0     0     0     0     0     0     0     0     0     0     0     0     0     0     0    87     0     0     0     0     0     0     0     0     0     0     0     0     0     0     0     0     0     0     0     0     0     0     0     0 
   UH	    0     0     0     0     0     0     0     0     0     0     0     0     0     0     0     0     0     0     0     0     2     0     0     0     0     0     0     0     0     0     0     0     0     0     0     0     0     0     0     0     0     0     0     0 
    .	    0     0     0     0     0     0     0     0     0     0     0     0     0     0     0     0     0     0     0     0     0  1957     0     0     0     0     0     0     0     0     0     0     0     0     0     0     0     0     0     0     0     0     0     0 
    ,	    0     0     0     0     0     0     0     0     0     0     0     0     0     0     0     0     0     0     0     0     0     0  2360     0     0     0     0     0     0     0     0     0     0     0     0     0     0     0     0     0     0     0     0     0 
   RB	    0    24     0     0     3     0     0     0     3     0    17     0     0    18     0     0     0     1     0     0     0     0     0  1272     0     0     0     0     1     0     0     0     4     2     6     0     0     0     0     0     0     0     0     8 
   EX	    0     0     0     0     0     0     0     0     0     0     0     0     0     0     0     0     0     0     0     0     0     0     0     0    40     0     0     0     0     0     0     0     0     0     0     0     0     0     0     0     0     0     0     0 
  VBZ	    0     3     2     0     0     0     0     1     1     0     0     0     0     0     0     0     0     0     0     0     0     0     0     0     0   978     0     0    30     0     0     0     5     0     2     0     1     0     5     0     0     0     0     0 
    $	    0     0     0     0     0     0     0     0     0     0     0     0     0     0     0     0     0     0     0     0     0     0     0     0     0     0   388     0     0     0     0     0     0     0     0     0     0     0     0     0     0     0     0     0 
    #	    0     0     0     0     0     0     0     0     0     0     0     0     0     0     0     0     9     0     0     0     0     0     0     0     0     0     0     6     0     0     0     0     0     0     0     0     0     0     0     0     0     0     0     0 
  NNS	   16    14     0     0     0     0     0     0     2     0     0     0     0     0     0     0     0     0     0     0     0     0     0     0     0    14     0     0  2909     0     0     0    70     4    50     0     2     0     0     0     0     0     0     0 
  PDT	    0     0     0     0     0     0     0     0     0     0     0     0     0     0     0     0     0     0     0     0     0     0     0     0     0     0     0     0     0    18     0     0     0     0     0     0     0     0     0     0     0     0     0     0 
   ``	    0     0     0     0     0     0     0     0     0     0     0     0     0     0     0     0     0     0     0     0     0     0     0     0     0     0     0     0     0     0   310     0     0     0     0     0     0     0     0     0     0     0     0     0 
  VBP	    0     0     0     0     0     0     0     0    43     0     0     0     0     0     0     0     0     0     0     0     0     0     0     0     0     1     0     0     0     0     0   525     5     5    21     0     1     0     3     0     0     0     0     0 
  NNP	   11   198     0     0     0     0     0     0     4     1     0     0     0     0     1     0     0     1     0     0     0     0     0     1     0     1     0     0    10     0     0     0  3713     4   348     0     8     0     2     0     0     0     0     3 
  VBN	    0   118     0     0     0     0     0     0     4     0     0     0     0     0     0     0     0     0     0     0     0     0     0     0     0     0     0     0     0     0     0     0     4   930     9     0     1     0    56     0     0     0     0     0 
   NN	    0   222     0     0     0     0     1     0    15     4     1     0     0     0     0     0     0     0     0     0     0     0     0     1     0     0     0     0    50     0     0     5   203     5  6500     0    28     0     0     0     0     0     0     0 
   TO	    0     0     0     0     0     0     0     0     0     0     0     0     0     0     0     0     0     0     0     0     0     0     0     0     0     0     0     0     0     0     0     0     0     0     0  1164     0     0     0     0     0     0     0     0 
  VBG	    0    38     0     0     0     0     0     0     3     0     0     0     0     0     0     0     0     0     0     0     0     0     0     0     0     0     0     0     0     0     0     3    13     6    53     0   603     0     1     0     0     0     0     0 
   WP	    0     0     0     0     0     0     0     0     0     0     0     0     0     0     0     0     0     0     0     0     0     0     0     0     0     0     0     0     0     0     0     0     0     0     0     0     0   106     0     0     0     0     0     0 
  VBD	    0     8     0     0     0     0     0     0     4     0     0     0     0     0     0     0     0     0     0     0     0     0     0     0     0     2     0     0     0     0     0     3     3    78     3     0     1     0  1423     0     0     0     0     0 
-RRB-	    0     0     0     0     0     0     0     0     0     0     0     0     0     0     0     0     0     0     0     0     0     0     0     0     0     0     0     0     0     0     0     0     0     0     0     0     0     0     0    71     0     0     0     0 
  WDT	    0     1     0     0     0     0     0     0     0     0    12     0     0     0     0     0     0     0     0     0     0     0     0     0     0     0     0     0     0     0     0     0     0     0     0     0     0     3     0     0   230     0     0     0 
 PRP$	    0     0     0     0     0     0     0     0     0     0     0     0     0     0     0     0     0     0     0     0     0     0     0     0     0     0     0     0     0     0     0     0     0     0     0     0     0     0     0     0     0   362     0     0 
   ''	    0     0     0     0     0     0     0     0     0     0     0     0     0     0     0     0     0     0     0     0     0     0     0     0     0     0     0     0     0     0     0     0     0     0     0     0     0     0     0     0     0     0   301     0 
   DT	    0     0     0     0     0     0     0     0     0     0     8     0     0     0     0     0     0     5     0     0     0     0     0     6     0     0     0     0     0     2     0     0     0     0     7     0     0     0     0     0    19     0     0  4128 
