Learning tags using data from a2_data/sents.train...
Saving model...
Testing model using data from a2_data/sents.devt...
Took 49918 ms to tag 1993 lines. 
     	 NNPS    JJ   POS   RBS   RBR   PRP    MD    FW    VB    LS    IN -LRB-     :    RP   JJS   JJR    CD    CC   WP$   WRB    UH     .     ,    RB    EX   VBZ     $     #   NNS   PDT    ``   VBP   NNP   VBN    NN    TO   VBG    WP   VBD -RRB-   WDT  PRP$    ''    DT 
 NNPS	    2     2     2     0     0     0     0     0     0     0     0     0     0     0     0     0     0     0     0     0     0     0     0     0     0     0     0     0    53     0     0     0    88     0     2     1     0     0     0     0     0     0     0     0 

   JJ	    0  2575     4     0     0     6     0     0     9     0     6     0     0     0     0     0    15     3     0     0     3     4     5    34     0     1     0     0    13     0     1     2    45    36    60     2     2     0     3     0     1     0     4    52 

  POS	    0     0   422     0     0     0     0     0     0     0     0     0     0     0     0     0     0     0     0     0     0     0     0     0     0     4     0     0     0     0     0     0     0     0     0     0     0     0     0     0     0     0     0     0 

  RBS	    0     0     0    15     0     0     0     0     0     0     0     0     0     0     1     0     0     0     0     0     0     0     0     0     0     0     0     0     0     0     0     0     0     0     0     0     0     0     0     0     0     0     0     0 

  RBR	    0     0     0     0    23     0     0     0     0     0     0     0     0     0     0    22     0     1     0     0     0     0     0     5     0     0     0     0     0     0     0     0     0     0     0     0     0     0     0     0     0     0     0     0 

  PRP	    0     1     0     0     0   782     0     0     1     0     0     0     0     0     0     0     1     0     0     0     0     0     0     0     0     1     0     0     0     0     0     0     0     0     0     0     0     0     0     0     0     1     0     0 

   MD	    0     0     0     0     0     0   520     0     0     0     0     0     0     0     0     0     0     0     0     0     0     0     0     0     0     0     0     0     0     0     0     0     1     0     1     0     0     0     0     0     0     0     0     0 

   FW	    0     0     0     0     0     0     0     0     0     0     0     0     0     0     0     0     0     0     0     0     0     0     0     0     0     0     0     0     0     0     0     0     1     0     0     0     0     0     0     0     0     0     0     1 

   VB	    0     7     0     0     0     1     1     0  1280     0     7     0     1     0     0     0     0     0     0     0     0     0     2     1     0     1     0     0     2     0     1    27     4     4    26     0     1     0     3     0     0     0     1     6 

   LS	    0     0     0     0     0     0     0     0     0     0     0     0     0     0     0     0     3     0     0     0     0     0     0     0     0     0     0     0     0     0     0     0     0     0     0     0     0     0     0     0     0     0     0     0 

   IN	    0     5     0     0     0     0     0     0     2     0  4869     0     0    20     0     0     0     0     0     0     0     1     0    70     0     0     2     0     0     0     0     0     1     0     0     0     0     0     0     0     0     0     0    35 

-LRB-	    0     1     0     0     0     1     0     0     0     0     0    66     0     0     0     0     0     0     0     0     0     0     0     0     0     0     0     0     0     0     0     0     0     0     0     0     0     0     0     0     0     0     0     0 

    :	    0     0     0     0     0     0     0     0     0     0     0     0   278     0     0     0     0     0     0     0     0     0     0     0     0     0     0     0     0     0     0     0     0     0     0     0     0     0     0     0     0     0     0     0 

   RP	    0     1     0     0     0     0     0     0     0     0    32     0     0    34     0     0     0     0     0     0     0     0     0    15     0     0     0     0     0     0     0     0     0     0     0     0     0     0     0     0     0     0     0     0 

  JJS	    0     4     0     0     0     0     0     0     0     0     0     0     0     0    80     0     0     0     0     0     0     0     0     3     0     0     0     0     1     0     0     0     1     0     3     0     0     0     0     0     0     0     0     0 

  JJR	    0     7     0     0    23     0     0     0     2     0     1     0     0     0     0   168     0     0     0     0     1     0     0    13     0     0     0     0     0     0     0     1     4     1     1     0     0     0     3     0     0     0     0     1 

   CD	    0     2     0     0     0     1     0     0     0     0     0     0     0     0     0     0  2105     0     0     0     0     0     0     1     0     0     0     0    14     0     0     0     2     0     6     0     0     0     0     0     0     0     0     1 

   CC	    0     0     0     0     0     1     0     0     0     0     2     0     0     0     0     0     0  1132     0     0     0     0     0     2     0     0     1     0     0     0     0     0     3     0     0     0     0     0     0     0     0     0     0     0 

  WP$	    0     1     0     0     0     0     0     0     0     0     0     0     0     0     0     0     0     0     5     0     0     0     0     0     0     0     0     0     0     0     0     0     0     0     1     0     0     0     0     0     0     0     0     1 

  WRB	    0     0     0     0     0     4     0     0     1     0     0     0     0     0     0     0     0     0     0    81     0     0     0     0     0     0     0     0     0     0     0     0     0     0     0     0     0     0     0     0     0     0     0     1 

   UH	    0     0     0     0     0     0     0     0     0     0     0     0     0     0     0     0     0     0     0     0     0     0     0     1     0     0     0     0     0     0     0     0     1     0     0     0     0     0     0     0     0     0     0     0 

    .	    0     0     0     0     0     0     0     0     0     0     0     0     0     0     0     0     0     0     0     0     0  1957     0     0     0     0     0     0     0     0     0     0     0     0     0     0     0     0     0     0     0     0     0     0 

    ,	    0     0     0     0     0     0     0     0     0     0     0     0     0     0     0     0     0     0     0     0     0     0  2360     0     0     0     0     0     0     0     0     0     0     0     0     0     0     0     0     0     0     0     0     0 

   RB	    0    29     0     0     1     1     1     0     6     0    29     0     0     2     0     0     0     0     0     1     1     6     4  1245     0     1     1     0     4     0     0     1     1     3     6     2     0     0     0     0     0     0     0    14 

   EX	    0     0     0     0     0     0     0     0     0     0     0     0     0     0     0     0     0     0     0     0     0     0     0     1    39     0     0     0     0     0     0     0     0     0     0     0     0     0     0     0     0     0     0     0 

  VBZ	    0     4     4     0     0     0     2     0     4     0     9     0     0     0     0     0     0     0     0     0     0     2     4     0     0   940     0     0    34     0     0     2     4     1     3     2     1     0     1     1     0     0     3     7 

    $	    0     0     0     0     0     0     0     0     0     0     0     0     0     0     0     0     0     0     0     0     0     0     0     0     0     0   388     0     0     0     0     0     0     0     0     0     0     0     0     0     0     0     0     0 

    #	    0     0     0     0     0     0     0     0     0     0     0     0     0     0     0     0    15     0     0     0     0     0     0     0     0     0     0     0     0     0     0     0     0     0     0     0     0     0     0     0     0     0     0     0 

  NNS	    0    29     2     0     0    16     9     0     9     0     8     0     0     0     0     0     3     0     0     0     0     7     8     2     0    18     1     0  2825     0     1     3    45     9    52     8     4     0     2     0     4     0     5    11 

  PDT	    0     1     0     0     0     0     0     0     0     0     0     0     0     0     0     0     0     0     0     0     0     0     0     0     0     0     0     0     0    13     0     0     0     0     0     0     0     0     0     0     0     0     0     4 

   ``	    0     0     0     0     0     0     0     0     0     0     0     0     0     0     0     0     0     0     0     0     0     0     0     0     0     0     0     0     0     0   309     0     1     0     0     0     0     0     0     0     0     0     0     0 

  VBP	    0     0     1     0     0     0     1     0    51     0     9     0     0     0     0     0     0     0     0     0     0     1     1     0     0     1     0     0     1     0     2   485     4     2    27     0     3     0    10     0     0     0     3     2 

  NNP	    0   213     5     0     0    32     2     0    12     1    11     0     0     0     0     0     6     4     0     0     0    21    20     3     0    10     7     0    20     0     2     1  3485     6   359     1     4     0     1     0    16     0    15    49 

  VBN	    0   121     0     0     0     3     1     0     7     0     0     0     1     0     0     0     2     0     0     0     1     3     3     3     0     0     2     0     6     0     0     1     6   887     5     1     1     0    57     0     0     0     1    10 

   NN	    0   210     5     0     0    22     2     0    19     0    17     0     0     0     0     0     1     1     0     0     2    24     6     4     0     1     8     0    65     0     2     6   148     8  6415     6    13     0     0     0     2     0    13    33 

   TO	    0     0     0     0     0     0     0     0     0     0     0     0     0     0     0     0     0     0     0     0     0     0     0     0     0     0     0     0     0     0     0     0     0     0     0  1164     0     0     0     0     0     0     0     0 

  VBG	    0    38     2     0     0     2     0     0     8     0    14     0     0     0     0     0     2     0     0     0     0     0     3     2     0     2     4     0     7     0     3     3    12    10    66     0   505     0     1     0     0     0     2    34 

   WP	    0     0     0     0     0     0     0     0     0     0     0     0     0     0     0     0     0     0     0     0     0     0     0     0     0     0     1     0     0     0     0     0     1     0     0     0     0   103     0     0     0     0     0     1 

  VBD	    0    11     6     0     0     1     2     0     6     0    15     0     0     0     0     0     1     0     0     0     0     2     5     1     0     2     0     0     0     0     0     2     5    60     9     2     1     0  1385     1     0     0     2     5 

-RRB-	    0     3     0     0     0     0     0     0     0     0     1     0     0     0     0     0     0     0     0     0     0     1     0     0     0     1     0     0     1     0     0     0     0     0     0     0     0     0     0    64     0     0     0     0 

  WDT	    0     0     0     0     0     0     0     0     0     0    27     0     0     0     0     0     0     0     0     0     0     0     0     0     0     0     0     0     0     0     0     0     0     0     0     0     0     3     0     0   214     0     0     2 

 PRP$	    0     0     0     0     0     0     0     0     0     0     0     0     0     0     0     0     0     0     0     0     0     0     0     0     0     0     0     0     0     0     0     0     0     0     0     0     0     0     0     0     0   362     0     0 

   ''	    0     0     0     0     0     0     0     0     0     0     0     0     0     0     0     0     0     0     0     0     0     0     0     0     0     0     0     0     0     0     0     0     0     0     0     0     0     0     0     0     0     0   301     0 

   DT	    0     0     0     0     0     0     0     0     0     0    11     0     0     0     0     0     0     2     0     0     0     0     0     6     0     0     0     0     0     0     0     0     0     0     8     0     0     0     0     0    11     0     0  4137 

  POS	 Rec.	Prec.	F1
 NNPS	1.0000	0.0133	0.0263
   JJ	0.7887	0.8922	0.8373
  POS	0.9316	0.9906	0.9602
  RBS	1.0000	0.9375	0.9677
  RBR	0.4894	0.4510	0.4694
  PRP	0.8958	0.9936	0.9422
   MD	0.9612	0.9962	0.9784
   FW	  NaN	0.0000	  NaN
   VB	0.9033	0.9302	0.9166
   LS	0.0000	0.0000	  NaN
   IN	0.9607	0.9728	0.9667
-LRB-	1.0000	0.9706	0.9851
    :	0.9929	1.0000	0.9964
   RP	0.6071	0.4146	0.4928
  JJS	0.9877	0.8696	0.9249
  JJR	0.8842	0.7434	0.8077
   CD	0.9773	0.9873	0.9823
   CC	0.9904	0.9921	0.9912
  WP$	1.0000	0.6250	0.7692
  WRB	0.9878	0.9310	0.9586
   UH	0.0000	0.0000	  NaN
    .	0.9645	1.0000	0.9819
    ,	0.9748	1.0000	0.9872
   RB	0.8817	0.9161	0.8986
   EX	1.0000	0.9750	0.9873
  VBZ	0.9563	0.9144	0.9349
    $	0.9349	1.0000	0.9664
    #	  NaN	0.0000	  NaN
  NNS	0.9274	0.9169	0.9221
  PDT	1.0000	0.7222	0.8387
   ``	0.9626	0.9968	0.9794
  VBP	0.9082	0.8030	0.8524
  NNP	0.9021	0.8093	0.8532
  VBN	0.8637	0.7906	0.8255
   NN	0.9099	0.9121	0.9110
   TO	0.9790	1.0000	0.9894
  VBG	0.9439	0.7014	0.8048
   WP	0.9717	0.9717	0.9717
  VBD	0.9447	0.9088	0.9264
-RRB-	0.9697	0.9014	0.9343
  WDT	0.8629	0.8699	0.8664
 PRP$	0.9972	1.0000	0.9986
   ''	0.8600	1.0000	0.9247
   DT	0.9387	0.9909	0.9641


     	0.8812	0.7912	0.8823
