Learning tags using data from a2_data/sents.train7_trn...
Saving model...
Testing model using data from a2_data/sents.train7_tst...
Took 181040 ms to tag 3984 lines. 
     	 NNPS    JJ   POS   RBS   RBR   PRP    MD    FW    VB    LS    IN -LRB-     :    RP   JJS   JJR    CD    CC   WP$   WRB    UH     .   SYM     ,    RB    EX   VBZ     $     #   NNS   PDT    ``   VBP   NNP   VBN    NN    TO   VBG    WP   VBD -RRB-   WDT  PRP$    ''    DT 
 NNPS	   71     3     0     0     0     0     0     0     0     0     0     0     0     0     0     0     0     0     0     0     0     0     0     0     0     0     0     0     0    49     0     0     0    35     1     8     0     0     0     0     0     0     0     0     0 

   JJ	    0  5583     0     0     2     1     0     0    17     1    13     0     0     2     1     0     2     0     0     0     0     0     1     0    93     0     0     0     0     7    13     0     5   168    64   174     0    22     0     2     0     0     0     0     2 

  POS	    0     0   796     0     0     0     0     0     0     0     0     0     0     0     0     0     0     0     0     0     0     0     0     0     0     0     4     0     0     0     0     0     0     0     0     0     0     0     0     0     0     0     0     1     0 

  RBS	    0     0     0    46     0     0     0     0     0     0     0     0     0     0     4     0     0     0     0     0     0     0     0     0     1     0     0     0     0     0     0     0     0     0     0     0     0     0     0     0     0     0     0     0     0 

  RBR	    0     1     0     0   115     0     0     0     1     0     2     0     0     0     0    46     0     0     0     0     0     0     0     0    22     0     0     0     0     0     0     0     0     0     1     0     0     0     0     0     0     0     0     0     0 

  PRP	    0     1     0     0     0  1741     0     0     0     0     0     0     0     0     0     0     3     0     0     0     0     0     0     0     0     0     0     0     0     0     0     0     0     3     0     3     0     0     0     0     0     0     1     0     0 

   MD	    0     0     0     0     0     0   969     0     0     0     0     0     0     0     0     0     0     0     0     0     0     0     0     0     0     0     0     0     0     0     0     0     0     3     0     0     0     0     0     0     0     0     0     0     0 

   FW	    0     1     0     0     0     1     0     3     0     0     2     0     0     0     0     0     0     2     0     0     0     0     0     0     0     0     0     0     0     0     0     0     0     6     0     0     0     0     0     0     0     0     0     0     1 

   VB	    0    10     0     0     0     0     0     0  2432     0     2     0     0     0     0     0     0     0     0     0     0     0     0     0     1     0     0     0     0     0     0     0   124    19    10    50     0     1     0     2     0     0     0     0     1 

   LS	    0     0     0     0     0     0     0     0     0     5     0     0     0     0     0     0     0     0     0     0     0     0     0     0     0     0     0     0     0     0     0     0     0     1     0     0     0     0     0     0     0     0     0     0     0 

   IN	    0     5     0     0     0     0     0     3     1     0  9647     0     0    53     0     0     0     5     0     0     0     0     0     0    87     0     1     0     0     0     0     0     0     3     0     1     0     1     0     0     0    18     0     0    43 

-LRB-	    0     0     0     0     0     0     0     0     0     0     0    94     0     0     0     0     0     0     0     0     0     0     0     0     0     0     0     0     0     0     0     0     0     0     0     0     0     0     0     0     0     0     0     0     0 

    :	    0     0     0     0     0     0     0     0     0     0     0     0   430     0     0     0     0     0     0     0     0     0     0     0     0     0     0     0     0     0     0     0     0     0     0     0     0     0     0     0     0     0     0     0     0 

   RP	    0     0     0     0     0     0     0     0     0     0    35     0     0   220     0     0     0     0     0     0     0     0     0     0    11     0     0     0     0     0     0     0     0     0     0     0     0     0     0     0     0     0     0     0     0 

  JJS	    0     2     0    10     0     0     0     0     0     0     0     0     0     0   202     0     0     0     0     0     0     0     0     0     0     0     0     0     0     0     0     0     0     2     0     1     0     0     0     0     0     0     0     0     0 

  JJR	    0    11     0     0    33     0     0     0     0     0     0     0     0     0     0   312     0     0     0     0     0     0     0     0     1     0     0     0     0     0     0     0     0     1     1     2     0     0     0     0     0     0     0     0     0 

   CD	    0    15     0     0     0     8     0     0     0     4     0     0     0     0     0     0  3479     0     0     0     0     0     0     0     0     0     0     0     8    11     0     0     0     2     0     5     0     0     0     0     0     0     0     0     0 

   CC	    0     0     0     0     0     0     0     0     0     0     3     0     0     0     0     0     0  2370     0     0     0     0     0     0     7     0     0     0     0     1     0     0     0     1     0     0     0     0     0     0     0     0     0     0     1 

  WP$	    0     0     0     0     0     0     0     0     0     0     0     0     0     0     0     0     0     0    24     0     0     0     0     0     0     0     0     0     0     0     0     0     0     0     0     0     0     0     0     0     0     0     0     0     0 

  WRB	    0     0     0     0     0     0     0     0     0     0     0     0     0     0     0     0     0     0     0   221     0     0     0     0     0     0     0     0     0     0     0     0     0     0     0     0     0     0     0     0     0     0     0     0     0 

   UH	    0     2     0     0     0     0     0     0     0     0     0     0     0     0     0     0     0     0     0     0     1     0     0     0     2     0     0     0     0     0     0     0     0     5     0     0     0     0     0     0     0     0     0     0     0 

    .	    0     0     0     0     0     0     0     0     0     0     0     0     0     0     0     0     0     0     0     0     0  3946     0     0     0     0     0     0     0     0     0     0     0     0     0     0     0     0     0     0     0     0     0     0     0 

  SYM	    0     0     0     0     0     0     0     0     0     0     0     0     0     0     0     0     0     0     0     0     0     0     8     0     0     0     0     0     0     0     0     0     0     0     0     0     0     0     0     0     0     0     0     0     0 

    ,	    0     0     0     0     0     0     0     0     0     0     0     0     0     0     0     0     0     0     0     0     0     0     0  4807     0     0     0     0     0     0     0     0     0     0     0     0     0     0     0     0     0     0     0     0     0 

   RB	    0    54     0     0    27     0     0     0     3     0   174     0     0    99     0     5     0     1     0     0     1     0     0     0  2703     4     0     0     0     0     2     0     1    23     4    31     0     1     0     1     0     0     0     0     8 

   EX	    0     0     0     0     0     0     0     0     0     0     0     0     0     0     0     0     0     0     0     0     0     0     0     0     0   100     0     0     0     0     0     0     0     0     0     0     0     0     0     0     0     0     0     0     0 

  VBZ	    0     8    12     0     0     0     0     0     4     0     0     0     0     0     0     0     1     0     0     0     0     0     0     0     0     0  2208     0     0    68     0     0     3    13     1    10     0     2     0     7     0     0     0     0     0 

    $	    0     2     0     0     0     0     0     0     1     0     0     0     0     0     0     0     0     0     0     0     0     0     0     0     0     0     0   780     0     0     0     0     0     5     0     1     0     0     0     0     0     0     0     0     0 

    #	    0     0     0     0     0     0     0     0     0     0     0     0     0     0     0     0    10     0     0     0     0     0     0     0     0     0     0     0     2     0     0     0     0     0     0     0     0     0     0     0     0     0     0     0     0 

  NNS	   61    30     0     0     0     0     1     0     7     0     0     0     0     0     0     0     2     0     0     0     0     0     0     0     4     0    34     0     0  5857     0     0     3   165    19   157     0     0     0     4     0     0     0     0     0 

  PDT	    0     0     0     0     0     0     0     0     0     0     0     0     0     0     0     0     0     0     0     0     0     0     0     0     0     0     0     0     0     0    16     0     0     0     0     0     0     0     0     0     0     0     0     0     0 

   ``	    0     0     0     0     0     0     0     0     0     0     0     0     0     0     0     0     0     0     0     0     0     0     0     0     0     0     0     0     0     0     0   665     0     0     0     0     0     0     0     0     0     0     0     0     0 

  VBP	    0     5     0     0     0     0     0     0   100     0     2     0     0     0     0     0     0     0     0     0     0     0     0     0     1     0     2     0     0     0     0     0  1169     9     8    38     0     0     0    11     0     0     0     0     0 

  NNP	   84   379     0     0     0     0     0     7    11     1     2     0     0     0     0     7     1     1     0     0     0     0     1     0     5     0     5     0     0    93     0     0     0  7124    11   678     0     3     0     4     0     0     0     0     7 

  VBN	    0   177     0     0     0     0     0     0     7     0     0     0     0     0     0     0     0     0     0     0     0     0     0     0     1     0     0     0     0     0     0     0     1    13  1653    26     0     5     0   135     0     0     0     0     0 

   NN	    0   318     0     0     0     0     0     1    39     1     2     0     0     0     0     2     4     0     0     0     0     0     1     0     3     0     3     0     0    21     0     0    13   549     7 12409     0    69     0     5     0     0     0     0     0 

   TO	    0     0     0     0     0     0     0     0     0     0     0     0     0     0     0     0     0     0     0     0     0     0     0     0     0     0     0     0     0     0     0     0     0     0     0     0  2231     0     0     0     0     0     0     0     0 

  VBG	    0    63     0     0     0     0     0     0     4     0     0     0     0     0     0     0     0     0     0     0     0     0     0     0     0     0     0     0     0     1     0     0     2    19     2   117     0  1294     0     0     0     0     0     0     0 

   WP	    0     0     0     0     0     0     0     0     0     0     0     0     0     0     0     0     0     0     0     0     0     0     0     0     0     0     0     0     0     0     0     0     0     0     0     0     0     0   278     0     0     0     0     0     0 

  VBD	    0    12     0     0     0     0     1     0     3     0     0     0     0     0     0     0     0     0     0     0     0     0     0     0     0     0     1     0     0     0     0     0     5    13   192    12     0     2     0  2455     0     0     0     0     0 

-RRB-	    0     0     0     0     0     0     0     0     0     0     0     0     0     0     0     0     0     0     0     0     0     0     0     0     0     0     0     0     0     0     0     0     0     0     0     0     0     0     0     0    94     0     0     0     0 

  WDT	    0     2     0     0     0     0     0     0     0     0    20     0     0     0     0     0     0     0     0     0     0     0     0     0     0     0     0     0     0     0     0     0     0     0     0     0     0     0     2     0     0   419     0     0     0 

 PRP$	    0     0     0     0     0     0     0     0     0     0     0     0     0     0     0     0     0     0     0     0     0     0     0     0     0     0     0     0     0     0     0     0     0     0     0     0     0     0     0     0     0     0   853     0     0 

   ''	    0     0     3     0     0     0     0     0     0     0     0     0     0     0     0     0     0     0     0     0     0     0     0     0     0     0     0     0     0     0     0     0     0     0     0     0     0     0     0     0     0     0     0   647     0 

   DT	    0     1     0     0     0     0     0     0     0     0    29     0     0     0     0     0     0     4     0     0     0     0     1     0    26     0     0     0     0     0    26     0     0     1     0     0     0     0     0     0     0    64     0     0  8064 

  POS	 Rec.	Prec.	F1
 NNPS	0.3287	0.4251	0.3708
   JJ	0.8352	0.9044	0.8684
  POS	0.9815	0.9938	0.9876
  RBS	0.8214	0.9020	0.8598
  RBR	0.6497	0.6117	0.6301
  PRP	0.9943	0.9937	0.9940
   MD	0.9979	0.9969	0.9974
   FW	0.2143	0.1875	0.2000
   VB	0.9247	0.9170	0.9209
   LS	0.4167	0.8333	0.5556
   IN	0.9712	0.9776	0.9744
-LRB-	1.0000	1.0000	1.0000
    :	1.0000	1.0000	1.0000
   RP	0.5882	0.8271	0.6875
  JJS	0.9758	0.9309	0.9528
  JJR	0.8387	0.8643	0.8513
   CD	0.9934	0.9850	0.9892
   CC	0.9945	0.9945	0.9945
  WP$	1.0000	1.0000	1.0000
  WRB	1.0000	1.0000	1.0000
   UH	0.5000	0.1000	0.1667
    .	1.0000	1.0000	1.0000
  SYM	0.6667	1.0000	0.8000
    ,	1.0000	1.0000	1.0000
   RB	0.9107	0.8603	0.8848
   EX	0.9615	1.0000	0.9804
  VBZ	0.9779	0.9448	0.9610
    $	1.0000	0.9886	0.9943
    #	0.2000	0.1667	0.1818
  NNS	0.9589	0.9232	0.9407
  PDT	0.2807	1.0000	0.4384
   ``	1.0000	1.0000	1.0000
  VBP	0.8816	0.8691	0.8753
  NNP	0.8706	0.8457	0.8580
  VBN	0.8374	0.8191	0.8282
   NN	0.9042	0.9228	0.9134
   TO	1.0000	1.0000	1.0000
  VBG	0.9243	0.8615	0.8918
   WP	0.9929	1.0000	0.9964
  VBD	0.9349	0.9106	0.9226
-RRB-	1.0000	1.0000	1.0000
  WDT	0.8363	0.9458	0.8877
 PRP$	0.9988	1.0000	0.9994
   ''	0.9985	0.9954	0.9969
   DT	0.9922	0.9815	0.9868


     	0.8479	0.8773	0.8520
