Learning tags using data from a2_data/sents.train9_trn...
Saving model...
Testing model using data from a2_data/sents.train9_tst...
Took 156964 ms to tag 3984 lines. 
     	 NNPS    JJ   POS   RBS   RBR   PRP    MD    FW    VB    IN -LRB-     :    RP   JJS   JJR    CD    CC   WP$   WRB    UH     .   SYM     ,    RB    EX   VBZ     $     #   NNS   PDT    ``   VBP   NNP   VBN    NN    TO   VBG    WP   VBD -RRB-   WDT  PRP$    ''    DT 
 NNPS	  128     8     0     0     0     0     0     0     0     0     0     0     0     0     0     0     0     0     0     0     0     0     0     0     0     0     0     0    82     0     0     0    52     0    19     0     0     0     0     0     0     0     0     0 

   JJ	    0  5499     0     0     0     0     0     1    18     2     0     0     0     0     0     3     0     0     0     4     0     1     0    71     0     0     0     0     5     3     0     3   230   117   163     0    13     0    10     0     0     0     0     1 

  POS	    0     0   900     0     0     0     0     0     0     0     0     0     0     0     0     0     0     0     0     0     0     0     0     0     0    11     0     0     0     0     0     0     0     0     0     0     0     0     0     0     0     0     0     0 

  RBS	    0     0     0    42     0     0     0     0     0     0     0     0     0     8     0     0     0     0     0     0     0     0     0     2     0     0     0     0     0     0     0     0     0     0     0     0     0     0     0     0     0     0     0     0 

  RBR	    0     0     0     0    99     0     0     0     0     0     0     0     0     0    35     0     0     0     0     0     0     0     0     5     0     0     0     0     0     0     0     0     0     0     0     0     0     0     0     0     0     0     0     0 

  PRP	    0     0     0     0     0  1487     0     0     0     0     0     0     0     0     0     2     0     0     0     0     0     0     0     0     0     0     0     0     0     0     0     0     0     0     0     0     0     0     0     0     0     4     0     0 

   MD	    0     0     0     0     0     0   994     0     0     0     0     0     0     0     0     0     0     0     0     0     0     0     0     0     0     0     0     0     0     0     0     0     2     0     0     0     0     0     0     0     0     0     0     0 

   FW	    0     0     0     0     0     0     0     2     0     1     0     0     0     0     0     0     0     0     0     0     0     0     0     0     0     0     0     0     0     0     0     0     1     0     0     0     0     0     0     0     0     0     0     0 

   VB	    0    10     0     0     1     0     0     0  2446     1     0     0     0     0     0     1     0     0     0     0     0     0     0     1     0     0     0     0     0     0     0    72    17    11    36     0     1     0     3     0     0     0     0     0 

   IN	    0     9     0     0     0     0     0     2     0  9844     0     0    43     0     0     0     4     0     0     0     0     0     0    92     0     0     0     0     0     0     0     2     0     0     1     0     0     0     0     0    16     0     0    32 

-LRB-	    0     0     0     0     0     0     0     0     0     0   122     0     0     0     0     0     0     0     0     0     0     0     0     0     0     0     0     0     0     0     0     0     0     0     0     0     0     0     0     0     0     0     0     0 

    :	    0     0     0     0     0     0     0     0     0     0     0   504     0     0     0     0     0     0     0     0     0     0     0     0     0     0     0     0     0     0     0     0     0     0     0     0     0     0     0     0     0     0     0     0 

   RP	    0     1     0     0     0     0     0     0     0    27     0     0   165     0     0     0     0     0     0     0     0     0     0    14     0     0     0     0     0     0     0     0     0     0     0     0     0     0     0     0     0     0     0     0 

  JJS	    0    10     0    14     0     0     0     0     0     0     0     0     0   174     0     0     0     0     0     0     0     0     0     0     0     0     0     0     0     0     0     0     3     0     4     0     0     0     0     0     0     0     0     0 

  JJR	    0     7     0     0    36     0     0     0     0     0     0     0     0     0   271     0     0     0     0     0     0     0     0     1     0     0     0     0     0     0     0     0     3     0     2     0     0     0     0     0     0     0     0     0 

   CD	    0     3     0     0     0     2     0     0     0     0     0     0     0     0     0  4064     0     0     0     0     0     0     0     0     0     0     0    22     1     0     0     0     2     0     4     0     0     0     0     0     0     0     0     0 

   CC	    0     0     0     0     3     0     0     0     0     4     0     0     0     0     1     0  2381     0     0     0     0     0     0    13     0     0     0     0     0     0     0     0     1     0     0     0     0     0     0     0     0     0     0     4 

  WP$	    0     0     0     0     0     0     0     0     0     0     0     0     0     0     0     0     0    12     0     0     0     0     0     0     0     0     0     0     0     0     0     0     0     0     0     0     0     0     0     0     0     0     0     0 

  WRB	    0     0     0     0     0     0     0     0     0     0     0     0     0     0     0     0     0     0   183     0     0     0     0     0     0     0     0     0     0     0     0     0     0     0     0     0     0     0     0     0     0     0     0     0 

   UH	    0     1     0     0     0     0     0     0     0     0     0     0     0     0     0     0     0     0     0     1     0     0     0     0     0     0     0     0     0     0     0     0     0     0     1     0     0     0     0     0     0     0     0     0 

    .	    0     0     0     0     0     0     0     0     0     0     0     0     0     0     0     0     0     0     0     0  3946     0     0     0     0     0     0     0     0     0     0     0     1     0     0     0     0     0     0     0     0     0     0     0 

  SYM	    0     0     0     0     0     0     0     0     0     0     0     0     0     0     0     0     0     0     0     0     0     6     0     0     0     0     0     0     0     0     0     0     0     0     0     0     0     0     0     0     0     0     0     0 

    ,	    0     0     0     0     0     0     0     0     0     0     0     0     0     0     0     0     0     0     0     0     0     0  5043     0     0     0     0     0     1     0     0     0     0     0     0     0     0     0     0     0     0     0     0     0 

   RB	    0    74     0     0    27     0     0     0     7   125     0     0   123     1     0     0     3     0     0     0     0     0     0  2634     2     0     0     0     1     0     0     3    20     5    48     0     0     0     0     0     0     0     0     6 

   EX	    0     0     0     0     0     0     0     0     0     0     0     0     0     0     0     0     0     0     0     0     0     0     0     1    75     0     0     0     0     0     0     0     0     0     0     0     0     0     0     0     0     0     0     0 

  VBZ	    1     6     8     0     0     0     0     0     3     0     0     0     0     0     0     0     0     0     0     0     0     0     0     0     0  1835     0     0    51     0     0     1    10     2     6     0     3     0    13     0     0     0     0     0 

    $	    0     0     0     0     0     0     0     0     0     0     0     0     0     0     0     0     0     0     0     0     0     0     0     0     0     0   812     0     0     0     0     0     2     0     0     0     0     0     0     0     0     0     0     0 

    #	    0     0     0     0     0     0     0     0     0     0     0     0     0     0     0    30     0     0     0     0     0     0     0     0     0     0     0     9     0     0     0     0     0     0     0     0     0     0     0     0     0     0     0     0 

  NNS	   47    67     0     0     0     0     0     1     5     0     0     0     0     0     0     2     0     0     0     0     0     0     0     0     0    36     0     0  5522     0     0     0    95     9   112     0     1     0     1     0     0     0     0     0 

  PDT	    0     0     0     0     0     0     0     0     0     0     0     0     0     0     0     0     0     0     0     0     0     0     0     1     0     0     0     0     0    31     0     0     0     0     0     0     0     0     0     0     0     0     0     1 

   ``	    0     0     0     0     0     0     0     0     0     0     0     0     0     0     0     0     0     0     0     0     0     0     0     0     0     0     0     0     0     0   596     0     0     0     0     0     0     0     0     0     0     0     0     0 

  VBP	    0     6     0     0     0     0     0     0    78     0     0     0     0     0     0     0     0     0     0     0     0     0     0     1     0     1     0     0     0     0     0   940     3     1    17     0     0     0     7     0     0     0     0     0 

  NNP	   71   408     0     0     0     0     0     0     9     4     0     0     0     1     1     2     0     0     0     0     0     0     0     5     0     6     0     0    58     0     0     1  8394     8   760     0    23     0    12     0     0     0     0     0 

  VBN	    0    72     0     0     0     0     0     0    12     0     0     0     0     0     0     0     0     0     0     0     0     0     0     0     0     0     0     0     1     0     0     2    18  1751    12     0     3     0   167     0     0     0     0     0 

   NN	    0   316     0     0     1     3     1     3    25     2     0     0     0     0     0     9     0     0     0     0     0     1     0     6     0     3     0     0    26     2     0    15   524    16 12776     0    70     0    10     0     0     0     0     1 

   TO	    0     0     0     0     0     0     0     0     0     0     0     0     0     0     0     0     0     0     0     0     0     0     0     0     0     0     0     0     0     0     0     0     0     0     0  2326     0     0     0     0     0     0     0     0 

  VBG	    0    48     0     0     0     0     0     0     3     0     0     0     0     0     0     0     0     0     0     0     0     0     0     0     0     1     0     0     1     0     0     1    16     5    60     0  1224     0     1     0     0     0     0     0 

   WP	    0     0     0     0     0     0     0     0     0     0     0     0     0     0     0     0     0     0     0     0     0     0     0     0     0     0     0     0     0     0     0     0     0     0     0     0     0   221     0     0     0     0     0     0 

  VBD	    0     7     0     0     0     0     0     0     5     0     0     0     0     0     0     0     0     0     0     0     0     0     0     0     0     1     0     0     0     0     0     2    17   159     5     0     1     0  3021     0     0     0     0     0 

-RRB-	    0     0     0     0     0     0     0     0     0     0     0     0     0     0     0     0     0     0     0     0     0     0     0     0     0     0     0     0     0     0     0     0     0     0     0     0     0     0     0   123     0     0     0     0 

  WDT	    0     1     0     0     0     0     0     0     0     6     0     0     0     0     0     0     0     0     0     0     0     0     0     0     0     0     0     0     0     0     0     0     0     0     0     0     0     6     0     0   414     0     0     0 

 PRP$	    0     0     0     0     0     0     0     0     0     0     0     0     0     0     0     0     0     0     0     0     0     0     0     0     0     0     0     0     0     0     0     0     0     0     0     0     0     0     0     0     0   786     0     0 

   ''	    0     0     1     0     0     0     0     0     0     0     0     0     0     0     0     0     0     0     0     0     0     0     0     0     0     0     0     0     0     0     0     0     0     0     0     0     0     0     0     0     0     0   576     0 

   DT	    0     0     0     0     0     0     0     0     0    25     0     0     0     0     0     0     4     0     0     0     0     0     0    15     0     0     0     0     0     4     0     0     0     0     1     0     0     0     0     0    54     0     0  8140 

  POS	 Rec.	Prec.	F1
 NNPS	0.5182	0.4429	0.4776
   JJ	0.8392	0.8950	0.8662
  POS	0.9901	0.9879	0.9890
  RBS	0.7500	0.8077	0.7778
  RBR	0.5928	0.7122	0.6471
  PRP	0.9966	0.9960	0.9963
   MD	0.9990	0.9980	0.9985
   FW	0.2222	0.5000	0.3077
   VB	0.9368	0.9408	0.9388
   IN	0.9804	0.9800	0.9802
-LRB-	1.0000	1.0000	1.0000
    :	1.0000	1.0000	1.0000
   RP	0.4985	0.7971	0.6134
  JJS	0.9457	0.8488	0.8946
  JJR	0.8799	0.8469	0.8631
   CD	0.9881	0.9917	0.9899
   CC	0.9954	0.9892	0.9923
  WP$	1.0000	1.0000	1.0000
  WRB	1.0000	1.0000	1.0000
   UH	0.2000	0.3333	0.2500
    .	1.0000	0.9997	0.9999
  SYM	0.7500	1.0000	0.8571
    ,	1.0000	0.9998	0.9999
   RB	0.9203	0.8555	0.8867
   EX	0.9740	0.9868	0.9804
  VBZ	0.9688	0.9464	0.9575
    $	1.0000	0.9975	0.9988
    #	0.2903	0.2308	0.2571
  NNS	0.9605	0.9362	0.9482
  PDT	0.7750	0.9394	0.8493
   ``	1.0000	1.0000	1.0000
  VBP	0.9021	0.8918	0.8969
  NNP	0.8919	0.8598	0.8756
  VBN	0.8402	0.8592	0.8496
   NN	0.9108	0.9251	0.9179
   TO	1.0000	1.0000	1.0000
  VBG	0.9141	0.9000	0.9070
   WP	0.9736	1.0000	0.9866
  VBD	0.9310	0.9388	0.9349
-RRB-	1.0000	1.0000	1.0000
  WDT	0.8554	0.9696	0.9089
 PRP$	0.9949	1.0000	0.9975
   ''	1.0000	0.9983	0.9991
   DT	0.9945	0.9875	0.9910


     	0.8677	0.8929	0.8769
