Learning tags using data from a2_data/sents.train8_trn...
Saving model...
Testing model using data from a2_data/sents.train8_tst...
Took 148387 ms to tag 3984 lines. 
     	 NNPS    JJ   POS   RBS   RBR   PRP    MD    FW    VB    LS    IN -LRB-     :    RP   JJS   JJR    CD    CC   WP$   WRB    UH     .   SYM     ,    RB    EX   VBZ     $     #   NNS   PDT    ``   VBP   NNP   VBN    NN    TO   VBG    WP   VBD -RRB-   WDT  PRP$    ''    DT 
 NNPS	   70     3     0     0     0     0     0     0     0     0     0     0     0     0     0     0     0     0     0     0     0     0     0     0     0     0     0     0     0    81     0     0     0    18     0    11     0     0     0     0     0     0     0     0     0 

   JJ	    0  5218     0     0     0     2     0     0    14     3     7     0     0    12     0     3     1     0     0     0     2     0     1     0    80     0     0     0     0     2    10     0     3   201    40   133     0     6     0     4     0     0     0     0     0 

  POS	    0     0   742     0     0     0     0     0     0     0     0     0     0     0     0     0     0     0     0     0     0     0     0     0     0     0     3     0     0     0     0     0     0     0     0     0     0     0     0     0     0     0     0     0     0 

  RBS	    0     0     0    34     0     0     0     0     0     0     0     0     0     0     1     0     0     0     0     0     0     0     0     0     1     0     0     0     0     0     0     0     0     0     0     0     0     0     0     0     0     0     0     0     0 

  RBR	    0     0     0     0   140     0     0     0     0     0     0     0     0     0     0    49     0     0     0     0     0     0     0     0    10     0     0     0     0     0     0     0     0     0     1     0     0     0     0     0     0     0     0     0     0 

  PRP	    0     0     0     0     0  1699     0     0     0     0     0     0     0     0     0     0     1     0     0     0     0     0     0     0     0     0     0     0     0     0     0     0     0     1     0     7     0     0     0     0     0     0     4     0     0 

   MD	    0     0     0     0     0     0   919     0     0     0     0     0     0     0     0     0     0     0     0     0     0     0     0     0     0     0     0     0     0     1     0     0     0     0     0     0     0     0     0     1     0     0     0     0     0 

   FW	    0     1     0     0     0     0     0     0     0     0     1     0     0     0     0     0     0     0     0     0     0     0     0     0     0     0     0     0     0     0     0     0     0     3     1     3     0     0     0     0     0     0     0     0     0 

   VB	    0    11     0     0     0     0     0     0  2402     0     1     0     0     0     0     0     0     0     0     0     0     0     1     0     0     0     1     0     0     0     0     0    70    15    12    43     0     0     0     3     0     0     0     0     0 

   LS	    0     0     0     0     0     0     0     0     0     3     0     0     0     0     0     0     0     0     0     0     0     0     2     0     0     0     0     0     0     0     0     0     0     0     0     0     0     0     0     0     0     0     0     0     1 

   IN	    0     7     0     0     0     0     0     2     1     0  9298     0     0    86     0     0     0     2     0     0     0     0     0     0   160     0     0     0     0     0     0     0     0    10     0     1     0     0     0     0     0     8     0     0    33 

-LRB-	    0     0     0     0     0     0     0     0     0     0     0   136     0     0     0     0     0     0     0     0     0     0     0     0     0     0     0     0     0     0     0     0     0     0     0     0     0     0     0     0     0     0     0     0     0 

    :	    0     0     0     0     0     0     0     0     0     0     0     0   473     0     0     0     0     0     0     0     0     0     0     0     0     0     0     0     0     0     0     0     0     0     0     0     0     0     0     0     0     0     0     0     0 

   RP	    0     0     0     0     0     0     0     0     0     0    41     0     0   222     0     0     0     0     0     0     0     0     0     0    17     0     0     0     0     0     0     0     0     0     0     0     0     0     0     0     0     0     0     0     0 

  JJS	    0     4     0    13     0     0     0     0     0     0     0     0     0     0   167     0     0     0     0     0     0     0     0     0     0     0     0     0     0     1     0     0     0     1     0     2     0     0     0     0     0     0     0     0     0 

  JJR	    0     3     0     0    24     0     0     0     0     0     0     0     0     0     0   285     0     0     0     0     0     0     0     0     1     0     0     0     0     0     0     0     0     2     0     0     0     0     0     0     0     0     0     0     0 

   CD	    0    10     0     0     0     2     0     0     0     1     0     0     0     0     0     0  3774     0     0     0     0     0     0     0     0     0     0     0    10     9     0     0     0     7     0    15     0     0     0     0     0     0     0     0     0 

   CC	    0     0     0     0     1     0     0     1     0     0     6     0     0     0     0     1     0  2395     0     0     0     0     0     0    10     0     0     0     0     0     0     0     1     1     0     0     0     0     0     0     0     0     0     0     3 

  WP$	    0     0     0     0     0     0     0     0     0     0     0     0     0     0     0     0     0     0    11     0     0     0     0     0     0     0     0     0     0     0     0     0     0     0     0     0     0     0     0     0     0     0     0     0     0 

  WRB	    0     0     0     0     0     0     0     0     0     0     0     0     0     0     0     0     0     0     0   210     0     0     0     0     0     0     0     0     0     0     0     0     0     1     0     0     0     0     0     0     0     0     0     0     0 

   UH	    0     1     0     0     0     0     0     0     0     0     0     0     0     0     0     0     0     0     0     0     6     0     0     0     2     0     0     0     0     0     0     0     0     3     0     0     0     0     0     0     0     0     0     0     0 

    .	    0     0     0     0     0     0     0     0     0     0     0     0     0     0     0     0     0     0     0     0     0  3914     0     0     0     0     0     0     0     0     0     0     0     0     0     0     0     0     0     0     0     0     0     0     0 

  SYM	    0     0     0     0     0     0     0     0     0     1     0     0     0     0     0     0     0     0     0     0     0     0     9     0     0     0     0     0     0     0     0     0     0     3     0     0     0     0     0     0     0     0     0     0     1 

    ,	    0     0     0     0     0     0     0     0     0     0     0     0     0     0     0     0     0     0     0     0     0     0     0  4832     0     0     0     0     0     0     0     0     0     0     0     0     0     0     0     0     0     0     0     0     0 

   RB	    0    49     0     0     2     0     0     0     0     2   100     0     0    61     0     3     0     0     0     0     1     0     0     0  2615     3     0     0     0     0     3     0     1    26     8    37     0     0     0     1     0     0     0     0     8 

   EX	    0     0     0     0     0     0     0     0     0     0     0     0     0     0     0     0     0     0     0     0     0     0     0     0     2    72     0     0     0     0     0     0     0     0     0     0     0     0     0     0     0     0     0     0     0 

  VBZ	    0     4     8     0     0     0     0     0     2     0     0     0     0     0     0     0     0     0     0     0     0     0     0     0     0     0  1843     0     0    48     0     0     0     9     0    11     0     4     0    20     0     0     0     0     0 

    $	    0     0     0     0     0     0     0     0     0     0     0     0     0     0     0     0     0     0     0     0     0     0     0     0     0     0     0   849     0     0     0     0     0     0     0     0     0     0     0     0     0     0     0     0     0 

    #	    0     0     0     0     0     0     0     0     0     0     0     0     0     0     0     0     3     0     0     0     0     0     0     0     0     0     0     0     5     0     0     0     0     0     0     0     0     0     0     0     0     0     0     0     0 

  NNS	   73    40     0     0     0     0     0     0     5     0     0     0     0     0     0     0     1     0     0     0     0     0     1     0     2     0    41     0     0  5408     0     0     0   108     9   131     0     0     0     2     0     0     0     0     0 

  PDT	    0     0     0     0     0     0     0     0     0     0     0     0     0     0     0     0     0     0     0     0     0     0     0     0     0     0     0     0     0     0    14     0     0     0     0     0     0     0     0     0     0     0     0     0     0 

   ``	    0     0     0     0     0     0     0     0     0     0     0     0     0     0     0     0     0     0     0     0     0     0     0     0     0     0     0     0     0     0     0   705     0     0     0     0     0     0     0     0     0     0     0     0     0 

  VBP	    0     7     0     0     0     0     0     0   114     0     0     0     0     1     0     0     1     0     0     0     0     0     0     0     3     0     1     0     0     0     0     0  1064    11     4    34     0     2     0    12     0     0     0     0     0 

  NNP	   94   420     0     0     0     0     2     7    10     0     1     0     0     0     1     2     1     0     0     0     0     0     1     0    10     0    11     0     0    93     0     0     3  7523    16   735     0     4     0     5     0     0     0     0     4 

  VBN	    0   254     0     0     0     0     0     0     7     0     0     0     0     0     0     0     0     0     0     0     0     0     0     0     0     0     0     0     0     0     0     0     0    24  1610    22     0     2     0   112     0     0     0     0     0 

   NN	    0   278     0     0     0     1     1     2    35     0     1     0     0     0     0     0     2     0     0     0     0     0     0     0     4     0     1     0     0    38     0     0    12   487    10 12029     0    60     0    11     0     0     0     0     1 

   TO	    0     0     0     0     0     0     0     0     0     0     0     0     0     0     0     0     0     0     0     0     0     0     0     0     0     0     0     0     0     0     0     0     0     0     0     0  2180     0     0     0     0     0     0     0     0 

  VBG	    0    55     0     0     0     0     0     0     5     0     0     0     0     0     0     0     0     0     0     0     0     0     0     0     0     0     1     0     0     1     0     0     4    25    10    98     0  1195     0     6     0     0     0     0     0 

   WP	    0     0     0     0     0     0     0     0     0     0     0     0     0     0     0     0     0     0     0     0     0     0     0     0     0     0     0     0     0     0     0     0     0     0     0     0     0     0   198     0     0     0     0     0     0 

  VBD	    0     7     0     0     0     0     1     0    10     0     0     0     0     0     0     0     0     0     0     0     0     0     0     0     0     0     1     0     0     0     0     0     4    25   190    12     0     1     0  2927     0     0     0     0     0 

-RRB-	    0     0     0     0     0     0     0     0     0     0     0     0     0     0     0     0     0     0     0     0     0     0     0     0     0     0     0     0     0     0     0     0     0     1     0     0     0     0     0     0   141     0     0     0     0 

  WDT	    0     0     0     0     0     0     0     0     0     0    14     0     0     0     0     0     0     0     0     0     0     0     0     0     0     0     0     0     0     0     0     0     0     0     0     0     0     0     1     0     0   378     0     0     0 

 PRP$	    0     0     0     0     0     1     0     0     0     0     0     0     0     0     0     0     0     0     0     0     0     0     0     0     0     0     0     0     0     0     0     0     0     0     0     0     0     0     0     0     0     0   805     0     0 

   ''	    0     0     5     0     0     0     0     0     0     0     0     0     0     0     0     0     0     0     0     0     0     0     0     0     0     0     0     0     0     0     0     0     0     0     0     0     0     0     0     0     0     0     0   683     0 

   DT	    0     2     0     0     0     0     0     0     0     0    34     0     0     0     0     0     0     2     0     0     0     0     0     0    15     0     0     0     0     0    30     0     0     1     0     2     0     0     0     0     0    68     0     0  7897 

  POS	 Rec.	Prec.	F1
 NNPS	0.2954	0.3825	0.3333
   JJ	0.8186	0.9087	0.8613
  POS	0.9828	0.9960	0.9893
  RBS	0.7234	0.9444	0.8193
  RBR	0.8383	0.7000	0.7629
  PRP	0.9965	0.9924	0.9944
   MD	0.9957	0.9978	0.9967
   FW	0.0000	0.0000	  NaN
   VB	0.9221	0.9386	0.9303
   LS	0.3000	0.5000	0.3750
   IN	0.9783	0.9677	0.9730
-LRB-	1.0000	1.0000	1.0000
    :	1.0000	1.0000	1.0000
   RP	0.5812	0.7929	0.6707
  JJS	0.9882	0.8883	0.9356
  JJR	0.8309	0.9048	0.8663
   CD	0.9974	0.9859	0.9916
   CC	0.9983	0.9901	0.9942
  WP$	1.0000	1.0000	1.0000
  WRB	1.0000	0.9953	0.9976
   UH	0.6667	0.5000	0.5714
    .	1.0000	1.0000	1.0000
  SYM	0.6000	0.6429	0.6207
    ,	1.0000	1.0000	1.0000
   RB	0.8919	0.8955	0.8937
   EX	0.9600	0.9730	0.9664
  VBZ	0.9685	0.9456	0.9569
    $	1.0000	1.0000	1.0000
    #	0.3333	0.6250	0.4348
  NNS	0.9518	0.9290	0.9403
  PDT	0.2456	1.0000	0.3944
   ``	1.0000	1.0000	1.0000
  VBP	0.9157	0.8485	0.8808
  NNP	0.8844	0.8412	0.8623
  VBN	0.8425	0.7927	0.8168
   NN	0.9027	0.9272	0.9148
   TO	1.0000	1.0000	1.0000
  VBG	0.9380	0.8536	0.8938
   WP	0.9950	1.0000	0.9975
  VBD	0.9430	0.9210	0.9319
-RRB-	1.0000	0.9930	0.9965
  WDT	0.8326	0.9618	0.8926
 PRP$	0.9951	0.9988	0.9969
   ''	1.0000	0.9927	0.9964
   DT	0.9936	0.9809	0.9872


     	0.8468	0.8780	0.8736
