Learning tags using data from a2_data/sents.train10_trn...
Saving model...
Testing model using data from a2_data/sents.train10_tst...
Took 178508 ms to tag 3976 lines. 
     	 NNPS    JJ   POS   RBS   RBR   PRP    MD    FW    VB    LS    IN -LRB-     :    RP   JJS   JJR    CD    CC   WP$   WRB    UH     .   SYM     ,    RB    EX   VBZ     $     #   NNS    ``   PDT   VBP   NNP   VBN    NN    TO   VBG    WP   VBD -RRB-   WDT  PRP$    ''    DT 
 NNPS	  169     2     0     0     0     0     0     0     0     0     0     0     0     0     0     0     0     0     0     0     0     0     0     0     0     0     0     0     0    92     0     0     1    79     1    23     0     0     0     0     0     0     0     0     0 

   JJ	    0  5152     0     0     0     1     0     0    15     5     5     0     0     1     0     0     1     0     0     0     0     0     2     0    59     0     0     0     0     4     0     4     0   166    75   123     0    11     0     3     0     0     0     0     0 

  POS	    0     0   849     0     0     0     0     0     0     0     0     0     0     0     0     0     0     0     0     0     0     0     0     0     0     0     6     0     0     0     0     0     0     0     0     0     0     0     0     0     0     0     0     1     0 

  RBS	    0     0     0    34     0     0     0     0     0     0     0     0     0     0     4     0     0     0     0     0     0     0     0     0     0     0     0     0     0     0     0     0     0     0     0     0     0     0     0     0     0     0     0     0     0 

  RBR	    0     0     0     0   117     0     0     0     0     0     0     0     0     0     0    50     0     0     0     0     0     0     0     0     5     0     0     0     0     0     0     0     0     0     0     0     0     0     0     0     0     0     0     0     0 

  PRP	    0     0     2     0     0  1817     0     0     0     0     0     0     0     0     0     0     1     0     0     0     0     0     1     0     0     0     1     0     0     1     0     0     0     3     0     2     0     0     0     0     0     0     1     0     0 

   MD	    0     0     0     0     0     0   931     0     0     0     0     0     0     0     0     0     0     0     0     0     0     0     0     0     0     0     0     0     0     0     0     0     1     0     0     0     0     0     0     0     0     0     0     0     0 

   FW	    0     0     0     0     0     0     0     5     0     0     1     0     0     0     0     0     0     2     0     0     0     0     0     0     0     0     0     0     0     0     0     0     0     3     0     1     0     0     0     0     0     0     0     0     0 

   VB	    0     8     0     0     0     0     0     0  2414     0     1     0     0     0     0     1     0     0     0     0     1     0     0     0     1     0     0     0     0     1     0     0    88    10    12    41     0     2     0     7     0     0     0     0     0 

   LS	    0     0     0     0     0     0     0     0     0     2     0     0     0     0     0     0     0     0     0     0     0     0     0     0     0     0     0     0     0     0     0     0     0     0     0     0     0     0     0     0     0     0     0     0     0 

   IN	    0     7     0     0     0     0     0     0     0     0  9492     0     0    96     0     0     0     0     0     0     0     0     0     0   151     0     0     0     0     0     0     0     1     1     0     0     0     0     0     0     0     9     0     0    42 

-LRB-	    0     0     0     0     0     0     0     0     0     0     0   138     0     0     0     0     0     0     0     0     0     0     0     0     0     0     0     0     0     0     0     0     0     0     0     0     0     0     0     0     0     0     0     0     0 

    :	    0     0     3     0     0     0     0     0     0     0     0     0   441     0     0     0     0     0     0     0     0     0     0     0     0     0     0     0     0     0     0     0     0     0     0     1     0     0     0     0     0     0     0     0     0 

   RP	    0     2     0     0     0     0     0     0     0     0    39     0     0   216     0     0     0     0     0     0     0     0     0     0    20     0     0     0     0     0     0     0     0     0     0     0     0     0     0     0     0     0     0     0     0 

  JJS	    0     4     0    12     0     0     0     0     0     0     0     0     0     0   169     0     0     0     0     0     0     0     0     0     0     0     0     0     0     0     0     0     0     0     0     1     0     0     0     0     0     0     0     0     0 

  JJR	    0     9     0     0    38     0     0     0     0     0     0     0     0     0     0   290     0     1     0     0     0     0     0     0     2     0     0     0     0     1     0     0     0     0     1     0     0     0     0     0     0     0     0     0     0 

   CD	    0     8     0     0     0     3     0     0     0     1     0     0     0     0     0     0  3449     0     0     0     0     0     0     0     0     0     0     0     5     6     0     0     0     3     0     8     0     0     0     0     0     0     0     0     0 

   CC	    0     0     0     0     0     0     0     0     0     0     1     0     0     0     0     0     0  2468     0     0     0     0     0     0     3     0     0     0     0     1     0     0     0     3     0     0     0     0     0     0     0     0     0     0     2 

  WP$	    0     0     0     0     0     0     0     0     0     0     0     0     0     0     0     0     0     0    13     0     0     0     0     0     0     0     0     0     0     0     0     0     0     0     0     0     0     0     0     0     0     0     0     0     0 

  WRB	    0     0     0     0     0     0     0     0     0     0     0     0     0     0     0     0     0     0     0   207     0     0     0     0     0     0     0     0     0     0     0     0     0     0     0     0     0     0     0     0     0     0     0     0     0 

   UH	    0     0     0     0     0     0     0     0     0     0     0     0     0     0     0     0     0     0     0     0     6     0     0     0     0     0     0     0     0     0     0     0     0     4     0     1     0     0     0     0     0     0     0     0     0 

    .	    0     0     0     0     0     0     0     0     0     0     0     0     0     0     0     0     0     0     0     0     0  3933     0     0     0     0     0     0     0     0     0     0     0     0     0     0     0     0     0     0     0     0     0     0     0 

  SYM	    0     0     0     0     0     0     0     0     0     0     0     0     0     0     0     0     0     0     0     0     0     0     3     0     0     0     0     0     0     0     0     0     0     0     0     0     0     0     0     0     0     0     0     0     0 

    ,	    0     0     0     0     0     0     0     0     0     0     0     0     0     0     0     0     0     0     0     0     0     0     0  4969     0     0     0     0     0     0     0     0     0     0     0     1     0     0     0     0     0     0     0     0     0 

   RB	    0    69     0     0    38     0     0     0     9     2    76     0     0    89     1     5     0     4     0     0     1     0     0     0  2677     3     0     0     0     2     0     5     3    26     8    30     0     1     0     2     0     0     0     0     7 

   EX	    0     0     0     0     0     0     0     0     0     0     0     0     0     0     0     0     0     0     0     0     0     0     0     0     2    84     0     0     0     0     0     0     0     0     0     0     0     0     0     0     0     0     0     0     0 

  VBZ	    0     8     5     0     0     0     0     0     3     0     0     0     0     0     0     0     0     0     0     0     0     0     2     0     1     0  2023     0     0    41     0     0     1    12     1     8     0     3     0    16     0     0     0     0     0 

    $	    0     0     0     0     0     0     0     0     0     0     0     0     0     0     0     0     0     0     0     0     0     0     0     0     0     0     0   785     0     0     0     0     0     0     0     0     0     0     0     0     0     0     0     0     0 

    #	    0     0     0     0     0     0     0     0     0     0     0     0     0     0     0     0     9     0     0     0     0     0     0     0     0     0     0     0     2     0     0     0     0     0     0     0     0     0     0     0     0     0     0     0     0 

  NNS	   37    43     0     0     0     0     0     0     4     0     0     0     0     0     0     0     3     0     0     0     0     0     0     0     4     0    34     0     0  5443     0     0     0   141    13   173     0     0     0     0     0     0     0     0     0 

   ``	    0     0     0     0     0     0     0     0     0     0     0     0     0     0     0     0     0     0     0     0     0     0     0     0     0     0     0     0     0     0   803     0     0     0     0     0     0     0     0     0     0     0     0     0     0 

  PDT	    0     0     0     0     0     0     0     0     0     0     0     0     0     0     0     0     0     0     0     0     0     0     0     0     1     0     0     0     0     0     0    47     0     0     0     0     0     0     0     0     0     0     0     0     0 

  VBP	    0     7     0     0     0     0     0     0   103     0     0     0     0     0     0     0     0     0     0     0     1     0     0     0     0     0     1     0     0     0     0     0  1001     7     3    23     0     0     0     8     0     0     0     0     0 

  NNP	   25   454     0     0     0     6     4     0     9     1     4     0     0     1     0     1     2     1     0     0     1     0     0     0     3     0     1     0     0    32     0     0     4  7850    13   694     0    10     0     4     0     0     0     0     9 

  VBN	    0   157     0     0     0     0     0     0     8     0     0     0     0     0     0     0     0     0     0     0     0     0     1     0     1     0     0     0     0     2     0     0     0    21  1664    18     0     5     0   142     0     0     0     0     0 

   NN	    0   399     0     0     0    15     1     0    30     0     4     0     0     2     0     0     4     0     0     0     1     0     0     0    10     0     5     0     0    28     0     1     8   510    14 12049     0    58     0     5     0     0     0     0     0 

   TO	    0     0     0     0     0     0     0     0     0     0     0     0     0     0     0     0     0     0     0     0     0     0     0     0     0     0     0     0     0     0     0     0     0     0     0     0  2226     0     0     0     0     0     0     0     0 

  VBG	    0    72     0     0     0     0     0     0     7     0     0     0     0     0     0     0     0     0     0     0     0     0     0     0     0     0     0     0     0     1     0     0     0    23    12   100     0  1267     0     3     0     0     0     0     0 

   WP	    0     0     0     0     0     0     0     0     0     0     0     0     0     0     0     0     0     0     0     0     0     0     0     0     0     0     0     0     0     0     0     0     0     0     0     0     0     0   229     0     0     0     0     0     0 

  VBD	    0    10     0     0     0     0     0     0     9     0     0     0     0     0     0     0     0     0     0     0     0     0     0     0     0     0     2     0     0     0     0     0     2    17   184    11     0     1     0  3019     0     0     0     0     0 

-RRB-	    0     0     0     0     0     0     0     0     0     0     0     0     0     0     0     0     0     0     0     0     0     0     0     0     0     0     0     0     0     0     0     0     0     0     0     0     0     0     0     0   138     0     0     0     0 

  WDT	    0     0     0     0     0     0     0     0     0     0    11     0     0     0     0     0     0     0     0     0     0     0     0     0     0     0     0     0     0     0     0     0     0     0     0     0     0     0     1     0     0   385     0     0     0 

 PRP$	    0     0     0     0     0     0     0     0     0     0     0     0     0     0     0     0     0     0     0     0     0     0     0     0     0     0     0     0     0     0     0     0     0     0     0     0     0     0     0     0     0     0   888     0     0 

   ''	    0     0     3     0     0     0     0     0     0     0     0     0     0     0     0     0     0     0     0     0     0     0     0     0     0     0     0     0     0     0     0     0     0     0     0     0     0     0     0     0     0     0     0   780     0 

   DT	    0     3     0     0     0     0     0     0     0     0    33     0     0     0     0     0     0     8     0     0     0     0     0     0    19     0     0     0     0     0     0     8     0     1     0     9     0     0     0     0     0    44     0     0  7936 

  POS	 Rec.	Prec.	F1
 NNPS	0.7316	0.4605	0.5652
   JJ	0.8032	0.9156	0.8557
  POS	0.9849	0.9918	0.9884
  RBS	0.7391	0.8947	0.8095
  RBR	0.6062	0.6802	0.6411
  PRP	0.9864	0.9934	0.9899
   MD	0.9947	0.9989	0.9968
   FW	1.0000	0.4167	0.5882
   VB	0.9245	0.9331	0.9288
   LS	0.1818	1.0000	0.3077
   IN	0.9819	0.9687	0.9752
-LRB-	1.0000	1.0000	1.0000
    :	1.0000	0.9910	0.9955
   RP	0.5333	0.7798	0.6334
  JJS	0.9713	0.9086	0.9389
  JJR	0.8357	0.8480	0.8418
   CD	0.9942	0.9902	0.9922
   CC	0.9936	0.9960	0.9948
  WP$	1.0000	1.0000	1.0000
  WRB	1.0000	1.0000	1.0000
   UH	0.5455	0.5455	0.5455
    .	1.0000	1.0000	1.0000
  SYM	0.3333	1.0000	0.5000
    ,	1.0000	0.9998	0.9999
   RB	0.9047	0.8754	0.8898
   EX	0.9655	0.9767	0.9711
  VBZ	0.9759	0.9524	0.9640
    $	1.0000	1.0000	1.0000
    #	0.2857	0.1818	0.2222
  NNS	0.9625	0.9233	0.9425
   ``	1.0000	1.0000	1.0000
  PDT	0.7231	0.9792	0.8319
  VBP	0.9018	0.8674	0.8843
  NNP	0.8840	0.8599	0.8718
  VBN	0.8316	0.8242	0.8279
   NN	0.9048	0.9167	0.9107
   TO	1.0000	1.0000	1.0000
  VBG	0.9330	0.8532	0.8913
   WP	0.9957	1.0000	0.9978
  VBD	0.9408	0.9275	0.9341
-RRB-	1.0000	1.0000	1.0000
  WDT	0.8790	0.9698	0.9222
 PRP$	0.9989	1.0000	0.9994
   ''	0.9987	0.9962	0.9974
   DT	0.9925	0.9845	0.9885


     	0.8715	0.8978	0.8697
