Learning tags using data from a2_data/sents.train5_trn...
Saving model...
Testing model using data from a2_data/sents.train5_tst...
Took 154604 ms to tag 3984 lines. 
     	 NNPS    JJ   POS   RBS   RBR   PRP    MD    FW    VB    LS    IN -LRB-     :    RP   JJS   JJR    CD    CC   WP$   WRB    UH     .   SYM     ,    RB    EX   VBZ     $     #   NNS   PDT    ``   VBP   NNP   VBN    NN    TO   VBG    WP   VBD -RRB-   WDT  PRP$    ''    DT 
 NNPS	  138     6     0     0     0     0     0     0     0     0     0     0     0     0     0     0     0     0     0     0     0     0     0     0     0     0     2     0     0    75     0     0     0    40     3    13     0     0     0     0     0     0     0     0     0 

   JJ	    0  5490     0     0     0     0     0     0    13     0     9     0     0     2     0     1     0     0     0     0     0     0     0     0    52     0     0     0     0     1     2     0     7   224    93   193     0    23     0     4     0     0     0     0     0 

  POS	    0     0   848     0     0     0     0     0     0     0     0     0     0     0     0     0     0     0     0     0     0     0     0     0     0     0    15     0     0     0     0     0     0     0     0     0     0     0     0     0     0     0     0     0     0 

  RBS	    0     0     0    50     0     0     0     0     0     0     0     0     0     0    10     0     0     0     0     0     0     0     0     0     0     0     0     0     0     0     0     0     0     0     0     0     0     0     0     0     0     0     0     0     0 

  RBR	    0     0     0     0   131     0     0     0     0     0     1     0     0     0     0    42     0     0     0     0     0     0     0     0     8     0     0     0     0     0     0     0     0     1     0     0     0     0     0     0     0     0     0     0     0 

  PRP	    0     0     0     0     0  1545     0     0     0     0     0     0     0     0     0     0     0     0     0     0     0     0     0     0     0     0     0     0     0     0     0     0     0     0     0     0     0     0     0     0     0     0     2     0     0 

   MD	    0     0     0     0     0     0   902     0     0     0     0     0     0     0     0     0     0     0     0     0     0     0     0     0     0     0     0     0     0     0     0     0     1     0     0     0     0     0     0     1     0     0     0     0     0 

   FW	    0     7     0     0     0     1     0     7     1     0     3     0     0     0     0     0     0     0     0     0     0     0     0     0     0     0     0     0     0     0     0     0     0     8     0     7     0     0     0     1     0     0     0     0     1 

   VB	    0    14     0     0     0     0     1     0  2346     0     1     0     0     1     0     2     0     0     0     0     0     0     0     0     3     0     0     0     0     0     0     0    70    14     9    37     0     1     0     8     0     0     0     0     0 

   LS	    0     0     0     0     0     0     0     0     0     3     0     0     0     0     0     0     8     0     0     0     0     0     0     0     0     0     0     0     0     0     0     0     0     0     0     0     0     0     0     0     0     0     0     0     0 

   IN	    0     6     0     0     0     0     0     0     1     0  9585     0     0    64     0     0     0     2     0     0     0     0     0     0   124     0     0     0     0     0     0     0     0     3     0     0     0     0     0     0     0    10     0     0    35 

-LRB-	    0     0     0     0     0     0     0     0     0     0     0   118     0     0     0     0     0     0     0     0     0     0     0     0     0     0     0     0     0     0     0     0     0     0     0     0     0     0     0     0     0     0     0     0     0 

    :	    0     0     0     0     0     0     0     0     0     0     0     0   441     0     0     0     0     0     0     0     0     0     0     0     0     0     0     0     0     0     0     0     0     1     0     0     0     0     0     0     0     0     0     0     0 

   RP	    0     0     0     0     0     0     0     0     0     0    39     0     0   220     0     0     0     0     0     0     0     0     0     0    34     0     0     0     0     0     0     0     0     1     0     0     0     0     0     0     0     0     0     0     0 

  JJS	    0     2     0    11     0     0     0     0     0     0     0     0     0     0   172     0     0     0     0     0     0     0     0     0     0     0     0     0     0     0     0     0     0     0     0     2     0     0     0     1     0     0     0     0     0 

  JJR	    0     5     0     0    47     0     0     0     1     0     0     0     0     0     0   263     0     0     0     0     0     0     0     0     1     0     0     0     0     0     0     0     0     3     1     0     0     0     0     0     0     0     0     0     0 

   CD	    0     5     0     0     0     5     0     0     0     1     0     0     0     0     0     0  3990     0     0     0     0     0     0     0     0     0     0     0    10    14     0     0     0     3     0     7     0     0     0     0     0     0     0     0     0 

   CC	    0     0     0     0     0     0     0     0     0     0     2     0     0     0     0     0     0  2378     0     0     0     0     0     0     4     0     0     0     0     0     2     0     0     0     0     0     0     0     0     0     0     0     0     0    10 

  WP$	    0     0     0     0     0     0     0     0     0     0     0     0     0     0     0     0     0     0    16     0     0     0     0     0     0     0     0     0     0     0     0     0     0     0     0     0     0     0     0     0     0     0     0     0     0 

  WRB	    0     0     0     0     0     0     0     0     0     0     0     0     0     0     0     0     0     0     0   218     0     0     0     0     0     0     0     0     0     0     0     0     0     0     0     0     0     0     0     0     0     0     0     0     0 

   UH	    0     0     0     0     0     0     0     0     0     0     0     0     0     0     0     0     0     0     0     0     8     0     0     0     1     0     0     0     0     0     0     0     0     1     0     1     0     0     0     0     0     0     0     0     0 

    .	    0     0     0     0     0     0     0     0     0     0     0     0     0     0     0     0     0     0     0     0     0  3969     0     0     0     0     0     0     0     0     0     0     0     0     0     0     0     0     0     0     0     0     0     0     0 

  SYM	    0     0     0     0     0     0     0     0     0     1     0     0     0     0     0     0     0     0     0     0     0     0     3     0     0     0     0     0     0     0     0     0     0     0     0     0     0     0     0     0     0     0     0     0     0 

    ,	    0     0     0     0     0     0     0     0     0     0     0     0     0     0     0     0     1     0     0     0     0     0     0  4706     0     0     0     0     0     0     0     0     0     0     0     0     0     0     0     0     0     0     0     0     0 

   RB	    0    73     0     0    13     0     0     0     3     0   138     0     0    50     3     0     0     2     0     0     0     0     0     0  2644     2     0     0     0     0     0     0     3    23     6    34     0     1     0     0     0     0     0     0    14 

   EX	    0     0     0     0     0     0     0     0     0     0     0     0     0     0     0     0     0     0     0     0     0     0     0     0     3    83     0     0     0     0     0     0     0     0     0     0     0     0     0     0     0     0     0     0     0 

  VBZ	    0     5    13     0     0     0     0     0     2     0     0     0     0     0     0     0     0     0     0     0     0     0     0     0     0     0  1821     0     0    51     0     0     3    16     1     8     0     0     0    15     0     0     0     0     0 

    $	    0     0     0     0     0     0     0     0     0     0     0     0     0     0     0     0     0     0     0     0     0     0     0     0     0     0     0   845     0     0     0     0     0     0     0     0     0     0     0     0     0     0     0     0     0 

    #	    0     0     0     0     0     0     0     0     0     0     0     0     0     0     0     0     9     0     0     0     0     0     0     0     0     0     0     0     5     0     0     0     0     0     0     0     0     0     0     0     0     0     0     0     0 

  NNS	   46    37     0     0     0     0     0     0     2     0     0     0     0     0     0     0     0     0     0     0     0     0     0     0     2     0    32     0     0  5686     0     0     2   120    16   138     0     4     0     1     0     0     0     0     0 

  PDT	    0     2     0     0     0     0     0     0     0     0     0     0     0     0     0     0     0     0     0     0     0     0     0     0     0     0     0     0     0     0    53     0     0     0     0     0     0     0     0     0     0     0     0     0     0 

   ``	    0     0     0     0     0     0     0     0     0     0     0     0     0     0     0     0     0     0     0     0     0     0     0     0     0     0     0     0     0     0     0   655     0     0     0     0     0     0     0     0     0     0     0     0     0 

  VBP	    0     2     0     0     0     0     0     0    89     0     2     0     0     0     0     0     0     0     0     0     0     0     0     0     0     0     0     0     0     0     0     0  1032    10     5    45     0     2     0    10     0     0     0     0     0 

  NNP	   91   373     0     0     0     1     1     6     9     1     2     0     0     1     0     4     1     2     0     0     1     0     1     0    14     0     2     0     0    86     0     0     3  7435    13   700     0     7     0     4     0     0     1     0    10 

  VBN	    0    91     0     0     0     0     0     0     6     0     0     0     0     0     0     0     0     0     0     0     0     0     0     0     2     0     0     0     0     2     0     0     0    14  1629    19     0     1     0   137     0     0     0     0     0 

   NN	    1   270     0     0     0     0     1     0    31     0     1     0     0     0     0     0     8     0     0     0     0     0     0     0    11     0     2     0     0    40     0     0    10   538    10 12120     0    63     0     5     0     1     0     0     0 

   TO	    0     0     0     0     0     0     0     0     0     0     0     0     0     0     0     0     0     0     0     0     0     0     0     0     0     0     0     0     0     0     0     0     0     0     0     0  2223     0     0     0     0     0     0     0     0 

  VBG	    0    56     0     0     0     0     0     0    10     1     0     0     0     0     0     0     0     0     0     0     0     0     0     0     0     0     1     0     0     1     0     0     2    26    15    84     0  1190     0     5     0     0     0     0     0 

   WP	    0     0     0     0     0     0     0     0     0     0     0     0     0     0     0     0     0     0     0     0     0     0     0     0     0     0     0     0     0     0     0     0     0     0     0     0     0     0   211     0     0     0     0     0     0 

  VBD	    0    17     0     0     0     0     0     0    10     0     0     0     0     0     0     0     0     0     0     0     0     0     0     0     0     0     1     0     0     0     0     0     3    16   188    15     0     1     0  2861     0     0     0     0     0 

-RRB-	    0     0     0     0     0     0     0     0     0     0     0     0     0     0     0     0     0     0     0     0     0     0     0     0     0     0     0     0     0     0     0     0     0     0     0     0     0     0     0     0   120     0     0     0     0 

  WDT	    0     0     0     0     0     0     0     0     0     0    27     0     0     0     0     0     0     0     0     0     0     0     0     0     0     0     0     0     0     0     0     0     0     0     0     0     0     0     1     0     0   365     0     0     1 

 PRP$	    0     0     0     0     0     0     0     0     0     0     0     0     0     0     0     0     0     0     0     0     0     0     0     0     0     0     0     0     0     0     0     0     0     1     0     0     0     0     0     0     0     0   739     0     0 

   ''	    0     0     7     0     0     0     0     0     0     0     0     0     0     0     0     0     0     0     0     0     0     0     0     0     0     0     0     0     0     0     0     0     0     0     0     0     0     0     0     0     0     0     0   637     0 

   DT	    0     0     0     0     0     0     0     0     0     0    36     0     0     0     0     0     0     2     0     0     0     0     0     0    11     0     0     0     0     0     2     0     0     0     0     4     0     0     0     0     0    42     0     0  7802 

  POS	 Rec.	Prec.	F1
 NNPS	0.5000	0.4982	0.4991
   JJ	0.8497	0.8979	0.8732
  POS	0.9770	0.9826	0.9798
  RBS	0.8197	0.8333	0.8264
  RBR	0.6859	0.7158	0.7005
  PRP	0.9955	0.9987	0.9971
   MD	0.9967	0.9978	0.9972
   FW	0.5385	0.1944	0.2857
   VB	0.9295	0.9358	0.9326
   LS	0.4286	0.2727	0.3333
   IN	0.9735	0.9751	0.9743
-LRB-	1.0000	1.0000	1.0000
    :	1.0000	0.9977	0.9989
   RP	0.6509	0.7483	0.6962
  JJS	0.9297	0.9149	0.9223
  JJR	0.8429	0.8193	0.8310
   CD	0.9933	0.9888	0.9911
   CC	0.9966	0.9925	0.9946
  WP$	1.0000	1.0000	1.0000
  WRB	1.0000	1.0000	1.0000
   UH	0.8889	0.7273	0.8000
    .	1.0000	1.0000	1.0000
  SYM	0.7500	0.7500	0.7500
    ,	1.0000	0.9998	0.9999
   RB	0.9073	0.8787	0.8928
   EX	0.9765	0.9651	0.9708
  VBZ	0.9707	0.9411	0.9557
    $	1.0000	1.0000	1.0000
    #	0.3333	0.3571	0.3448
  NNS	0.9547	0.9343	0.9444
  PDT	0.8983	0.9636	0.9298
   ``	1.0000	1.0000	1.0000
  VBP	0.9085	0.8622	0.8847
  NNP	0.8749	0.8479	0.8612
  VBN	0.8190	0.8569	0.8375
   NN	0.9027	0.9243	0.9134
   TO	1.0000	1.0000	1.0000
  VBG	0.9203	0.8555	0.8867
   WP	0.9953	1.0000	0.9976
  VBD	0.9371	0.9193	0.9281
-RRB-	1.0000	1.0000	1.0000
  WDT	0.8732	0.9264	0.8990
 PRP$	0.9960	0.9986	0.9973
   ''	1.0000	0.9891	0.9945
   DT	0.9910	0.9877	0.9893


     	0.8890	0.8766	0.8802
