Learning tags using data from a2_data/sents.train6_trn...
Saving model...
Testing model using data from a2_data/sents.train6_tst...
Took 154739 ms to tag 3984 lines. 
     	 NNPS    JJ   POS   RBS   RBR   PRP    MD    FW    VB    IN -LRB-     :    RP   JJS   JJR    CD    CC   WP$   WRB    UH     .   SYM     ,    RB    EX   VBZ     $     #   NNS    ``   PDT   VBP   NNP   VBN    NN    TO   VBG    WP   VBD -RRB-   WDT  PRP$    ''    DT 
 NNPS	   93     9     0     0     0     0     0     0     0     0     0     0     0     0     0     0     0     0     0     0     0     0     0     1     0     0     0     0    66     0     0     0    31     2    15     0     0     0     1     0     0     0     0     0 

   JJ	    0  5546     0     0     1     0     0     2    10     5     0     0     0     1     2     4     0     0     0     0     0     2     0    62     0     2     0     0     3     0     1     3   223   127   172     0    26     0    12     0     0     1     0     1 

  POS	    0     0   941     0     0     0     0     0     0     0     0     0     0     0     0     0     0     0     0     0     0     0     0     0     0    17     0     0     0     0     0     0     0     0     0     0     0     0     0     0     0     0     0     0 

  RBS	    0     0     0    46     0     0     0     0     0     0     0     0     0     3     0     0     0     0     0     0     0     0     0     1     0     0     0     0     0     0     0     0     0     0     0     0     0     0     0     0     0     0     0     0 

  RBR	    0     1     0     0   115     0     0     0     0     0     0     0     1     0    36     0     0     0     0     0     0     0     0     4     0     0     0     0     0     0     0     0     0     0     0     0     0     0     0     0     0     0     0     0 

  PRP	    0     1     0     0     0  1918     0     0     0     0     0     0     0     0     0     1     0     0     0     0     0     0     0     0     0     1     0     0     0     0     0     0     0     0     2     0     0     0     0     0     0     8     0     0 

   MD	    0     0     0     0     0     0   841     0     0     0     0     0     0     0     0     0     0     0     0     0     0     0     0     0     0     0     0     0     0     0     0     1     0     0     0     0     0     0     0     0     0     0     0     0 

   FW	    0     9     0     0     0     0     0    14     0     0     0     0     0     0     0     0     2     0     0     0     0     0     0     0     0     0     0     0     0     0     0     0    17     0     3     0     0     0     1     0     0     0     0     3 

   VB	    0    11     0     0     0     0     0     0  2264     0     0     0     0     0     4     0     0     0     0     0     0     0     0     1     0     0     0     0     0     0     0    78    11     2    28     0     1     0     5     0     0     0     0     0 

   IN	    0     4     0     0     0     0     0     1     0  9503     0     0    64     0     0     0     0     0     0     0     0     0     0   110     0     0     0     0     1     0     0     0     1     0     0     0     0     0     0     0     8     0     0    42 

-LRB-	    0     0     0     0     0     0     0     0     0     0   169     0     0     0     0     0     0     0     0     0     0     0     0     0     0     0     0     0     0     0     0     0     0     0     0     0     0     0     0     0     0     0     0     0 

    :	    0     0     0     0     0     0     0     0     0     0     0   537     0     0     0     0     0     0     0     0     0     0     0     0     0     0     0     0     0     0     0     0     0     0     0     0     0     0     0     0     0     0     0     0 

   RP	    0     0     0     0     0     0     0     0     0    40     0     0   207     0     0     0     0     0     0     0     0     0     0    15     0     0     0     0     0     0     0     0     0     0     0     0     0     0     0     0     0     0     0     0 

  JJS	    0     3     0    10     0     0     0     0     0     0     0     0     0   191     0     0     0     0     0     0     0     0     0     0     0     0     0     0     0     0     0     0     1     0     1     0     0     0     0     0     0     0     0     0 

  JJR	    0     4     0     0    49     0     0     0     1     0     0     0     0     0   285     0     0     0     0     0     0     0     0     0     0     0     0     0     0     0     0     0     1     1     1     0     0     0     0     0     0     0     0     0 

   CD	    0     6     0     0     0     0     0     0     0     0     0     0     0     0     0  3759     0     0     0     0     0     0     0     0     0     0     0    22     6     0     0     0     3     1     6     0     0     0     0     0     0     0     0     0 

   CC	    0     0     0     0     5     0     0     0     0     0     0     0     0     0     0     0  2229     0     0     0     0     0     0     6     0     0     0     0     0     0     2     0     0     0     0     0     0     0     0     0     0     0     0     0 

  WP$	    0     0     0     0     0     0     0     0     0     0     0     0     0     0     0     0     0    23     0     0     0     0     0     0     0     0     0     0     0     0     0     0     0     0     0     0     0     0     0     0     0     0     0     0 

  WRB	    0     0     0     0     0     0     0     0     0     0     0     0     0     0     0     0     0     0   232     0     0     0     0     1     0     0     0     0     0     0     0     0     0     0     0     0     0     0     0     0     0     0     0     0 

   UH	    0     0     0     0     0     0     0     0     0     0     0     0     0     0     0     0     0     0     0     6     0     0     0     4     0     0     0     0     0     0     0     0     1     1     3     0     0     0     0     0     0     0     0     1 

    .	    0     0     0     0     0     0     0     0     0     0     0     0     0     0     0     0     0     0     0     0  3967     0     0     0     0     0     0     0     0     0     0     0     0     0     0     0     0     0     0     0     0     0     0     0 

  SYM	    0     0     0     0     0     0     0     0     0     0     0     0     0     0     0     0     0     0     0     0     0     8     0     0     0     0     0     0     0     0     0     0     0     0     0     0     0     0     0     0     0     0     0     0 

    ,	    0     0     0     0     0     0     0     0     0     0     0     0     0     0     0     0     0     0     0     0     0     0  4947     0     0     0     0     0     0     0     0     0     0     0     0     0     0     0     0     0     0     0     0     0 

   RB	    0    78     0     0    17     0     0     0     4   171     0     0    51     2     4     0     0     0     0     0     0     0     0  2806     1     0     0     0     1     0     1     5    25     3    33     0     0     0     2     0     0     0     0    16 

   EX	    0     0     0     0     0     0     0     0     0     0     0     0     0     0     0     0     0     0     0     0     0     0     0     2    96     0     0     0     0     0     0     0     0     0     0     0     0     0     0     0     0     0     0     0 

  VBZ	    1     7     2     0     0     0     0     0     0     0     0     0     0     0     0     0     0     0     0     0     0     0     0     0     0  2102     0     0    62     0     0     3    15     5     7     0     2     0     9     0     0     0     0     0 

    $	    0     0     0     0     0     0     0     0     0     0     0     0     0     0     0     0     0     0     0     0     0     0     0     0     0     0   779     0     0     0     0     0     0     0     0     0     0     0     0     0     0     0     0     0 

    #	    0     0     0     0     0     0     0     0     0     0     0     0     0     0     0    14     0     0     0     0     0     0     0     0     0     0     0     5     0     0     0     0     0     0     0     0     0     0     0     0     0     0     0     0 

  NNS	   51    31     1     0     0     0     0     0     3     0     0     0     0     0     0     1     0     0     0     0     0     0     0     3     0    32     0     0  5413     0     0     0   130    10   133     0     0     0     4     0     0     0     0     0 

   ``	    0     0     0     0     0     0     0     0     0     0     0     0     0     0     0     0     0     0     0     0     0     0     0     0     0     0     0     0     0   714     0     0     0     0     0     0     0     0     0     0     0     0     0     0 

  PDT	    0     0     0     0     0     0     0     0     0     0     0     0     0     0     0     0     0     0     0     0     0     0     0     0     0     0     0     0     0     0    43     0     0     0     0     0     0     0     0     0     0     0     0     0 

  VBP	    0     2     0     0     0     0     0     0    99     1     0     0     0     0     0     0     0     0     0     0     0     0     0     1     0     4     0     0     0     0     0  1157     6     3    21     0     0     0     9     0     0     0     0     0 

  NNP	  110   352     0     0     0     0     0     7    13     3     0     0     0     0     1    10     0     0     0     0     0     0     0     2     0     4     0     0    61     0     0     3  7911     7   588     0     5     0    16     0     0     0     0     5 

  VBN	    0    75     0     0     0     0     0     0     5     0     0     0     0     0     0     0     0     0     0     0     0     1     0     0     0     1     0     0     0     0     0     0    11  1735    14     0     6     0   132     0     0     0     0     0 

   NN	    0   257     0     0     0     3     2     2    24     0     0     0     1     1     0     8     0     0     0     0     0     1     0     9     0     1     0     0    70     0     0    15   501     9 12078     0    54     0     4     0     0     0     0     0 

   TO	    0     0     0     0     0     0     0     0     0     0     0     0     0     0     0     0     0     0     0     0     0     0     0     0     0     0     0     0     0     0     0     0     0     0     0  2169     0     0     0     0     0     0     0     0 

  VBG	    0    51     0     0     0     0     0     0     7     0     0     0     0     0     0     0     0     0     0     0     0     0     0     0     0     1     0     0     0     0     0     1    21    11    75     0  1280     0     5     0     0     0     0     0 

   WP	    0     0     0     0     0     0     0     0     0     0     0     0     0     0     0     0     0     0     0     0     0     0     0     0     0     0     0     0     0     0     0     0     0     0     0     0     0   247     0     0     0     0     0     0 

  VBD	    0    12     0     0     0     0     0     0     9     0     0     0     0     0     0     0     0     0     0     0     0     0     0     0     0     2     0     0     0     0     0     3    19   179     9     0     5     0  2778     0     0     0     0     0 

-RRB-	    0     0     0     0     0     0     0     0     0     0     0     0     0     0     0     0     0     0     0     0     0     0     0     0     0     0     0     0     0     0     0     0     0     0     0     0     0     0     0   170     0     0     0     0 

  WDT	    0     0     0     0     0     0     0     0     1    13     0     0     0     0     0     0     0     0     0     0     0     0     0     0     0     0     0     0     0     0     0     0     1     0     0     0     0     2     0     0   408     0     0     0 

 PRP$	    0     0     0     0     0     0     0     0     0     0     0     0     0     0     0     0     0     0     0     0     0     0     0     0     0     0     0     0     0     0     0     0     0     0     0     0     0     0     0     0     0   913     0     0 

   ''	    0     0     3     0     0     0     0     0     0     0     0     0     0     0     0     0     0     0     0     0     0     0     0     0     0     0     0     0     0     0     0     0     0     0     0     0     0     0     0     0     0     0   700     0 

   DT	    0     4     0     0     0     0     0     1     0    26     0     0     0     0     0     0     6     0     0     0     0     0     0    16     0     0     0     0     0     0     6     0     0     0     3     0     0     0     0     0    49     0     0  7768 

  POS	 Rec.	Prec.	F1
 NNPS	0.3647	0.4266	0.3932
   JJ	0.8581	0.8937	0.8755
  POS	0.9937	0.9823	0.9879
  RBS	0.8214	0.9200	0.8679
  RBR	0.6150	0.7325	0.6686
  PRP	0.9984	0.9933	0.9958
   MD	0.9976	0.9988	0.9982
   FW	0.5185	0.2857	0.3684
   VB	0.9279	0.9414	0.9346
   IN	0.9735	0.9763	0.9749
-LRB-	1.0000	1.0000	1.0000
    :	1.0000	1.0000	1.0000
   RP	0.6389	0.7901	0.7065
  JJS	0.9646	0.9272	0.9455
  JJR	0.8584	0.8333	0.8457
   CD	0.9900	0.9884	0.9892
   CC	0.9964	0.9942	0.9953
  WP$	1.0000	1.0000	1.0000
  WRB	1.0000	0.9957	0.9978
   UH	1.0000	0.3750	0.5455
    .	1.0000	1.0000	1.0000
  SYM	0.6667	1.0000	0.8000
    ,	1.0000	1.0000	1.0000
   RB	0.9218	0.8714	0.8959
   EX	0.9897	0.9796	0.9846
  VBZ	0.9700	0.9490	0.9594
    $	1.0000	1.0000	1.0000
    #	0.1852	0.2632	0.2174
  NNS	0.9525	0.9313	0.9418
   ``	1.0000	1.0000	1.0000
  PDT	0.8113	1.0000	0.8958
  VBP	0.9117	0.8880	0.8997
  NNP	0.8860	0.8695	0.8777
  VBN	0.8278	0.8763	0.8513
   NN	0.9156	0.9262	0.9209
   TO	1.0000	1.0000	1.0000
  VBG	0.9282	0.8815	0.9043
   WP	0.9920	1.0000	0.9960
  VBD	0.9328	0.9211	0.9269
-RRB-	1.0000	1.0000	1.0000
  WDT	0.8774	0.9600	0.9169
 PRP$	0.9902	1.0000	0.9951
   ''	1.0000	0.9957	0.9979
   DT	0.9913	0.9859	0.9886


     	0.8924	0.8944	0.8877
