Learning tags using data from a2_data/sents.train2_trn...
Saving model...
Testing model using data from a2_data/sents.train2_tst...
Took 155789 ms to tag 3984 lines. 
     	 NNPS    JJ   POS   RBS   RBR   PRP    MD    FW    VB    IN -LRB-     :    RP   JJS   JJR    CD    CC   WP$   WRB    UH     .   SYM     ,    RB    EX   VBZ     $     #   NNS   PDT    ``   VBP   NNP   VBN    NN    TO   VBG    WP   VBD -RRB-   WDT  PRP$    ''    DT 
 NNPS	   95     3     0     0     0     0     0     0     0     0     0     0     0     0     0     0     0     0     0     0     0     0     0     0     0     1     0     0    45     0     0     1    50     1     9     0     0     0     1     0     0     0     0     0 

   JJ	    0  5653     0     0     1     2     0     0    16     2     0     0     2     1     0     0     0     0     0    12     0     0     0    75     0     0     0     0     7     8     0     7   222    34   175     0    19     0     0     0     0     0     0     1 

  POS	    0     0   931     0     0     0     0     0     0     0     0     0     0     0     0     0     0     0     0     0     0     0     0     0     0     5     0     0     0     0     0     0     0     0     0     0     0     0     0     0     0     0     1     0 

  RBS	    0     0     0    41     0     0     0     0     0     0     0     0     0     0     0     0     0     0     0     0     0     0     0     0     0     0     0     0     0     0     0     0     0     0     0     0     0     0     0     0     0     0     0     0 

  RBR	    0     2     0     0   124     0     0     0     0     1     0     0     0     0    34     0     0     0     0     0     0     0     0    11     0     0     0     0     0     0     0     0     0     0     0     0     0     0     0     0     0     0     0     0 

  PRP	    0     0     1     0     0  1724     0     0     0     0     0     0     0     0     0     0     0     0     0     0     0     0     0     0     0     0     0     0     0     0     0     0     2     0     4     0     0     0     0     0     0     7     0     0 

   MD	    0     0     0     0     0     0  1037     0     0     0     0     0     0     0     0     0     0     0     0     0     0     0     0     0     0     0     0     0     0     0     0     4     0     0     0     0     0     0     0     0     0     0     0     0 

   FW	    0     4     0     0     0     0     0    10     0     0     0     0     0     0     0     0     0     0     0     0     0     0     0     0     0     0     0     0     0     0     0     0     3     0     2     0     0     0     0     0     0     0     0     0 

   VB	    0     8     0     0     0     0     0     0  2578     1     0     0     0     0     1     0     0     0     0     2     0     0     0     4     0     1     0     0     0     0     0    79    13     9    40     0     0     0     9     0     0     0     0     0 

   IN	    0    10     0     0     0     0     0     8     0 10087     0     0    75     0     0     0     2     0     0     0     0     0     0   124     0     0     0     0     0     0     0     0     5     0     1     0     1     0     0     0     6     0     0    51 

-LRB-	    0     0     0     0     0     0     0     0     0     0   136     0     0     0     0     0     0     0     0     0     0     0     0     0     0     0     0     0     0     0     0     0     0     0     0     0     0     0     0     0     0     0     0     0 

    :	    0     0     0     0     0     0     0     0     0     0     0   525     0     0     0     0     0     0     0     0     0     0     0     0     0     0     0     0     0     0     0     0     0     0     0     0     0     0     0     0     0     0     0     0 

   RP	    0     0     0     0     0     0     0     0     0    48     0     0   207     0     0     0     0     0     0     0     0     0     0    15     0     0     0     0     0     0     0     0     0     0     0     0     0     0     0     0     0     0     0     0 

  JJS	    0     3     0    19     0     0     0     0     0     0     0     0     0   156     1     0     0     0     0     0     0     0     0     0     0     0     0     0     0     0     0     0     0     0     0     0     0     0     0     0     0     0     0     0 

  JJR	    0     1     0     0    31     0     0     0     0     0     0     0     0     0   255     0     0     0     0     0     0     0     0     2     0     0     0     0     0     0     0     0     0     0     1     0     0     0     0     0     0     0     0     0 

   CD	    0     3     0     0     0     3     0     0     0     0     0     0     0     0     0  3249     0     0     0     0     0     0     0     0     0     0     0    15    22     0     0     0     4     0    15     0     0     0     0     0     0     0     0     0 

   CC	    0     0     0     0     0     0     0     1     0     1     0     0     0     0     2     0  2367     0     0     0     0     0     0     6     0     0     0     0     0     0     0     0     0     0     0     0     0     0     0     0     0     0     0     1 

  WP$	    0     0     0     0     0     0     0     0     0     0     0     0     0     0     0     0     0    25     0     0     0     0     0     0     0     0     0     0     0     0     0     0     0     0     0     0     0     0     0     0     0     0     0     0 

  WRB	    0     0     0     0     0     0     0     0     0     0     0     0     0     0     0     0     0     0   214     0     0     0     0     1     0     0     0     0     0     0     0     0     0     0     0     0     0     0     0     0     0     0     0     0 

   UH	    0     0     0     0     0     0     0     0     0     0     0     0     0     0     0     0     0     0     0     3     0     0     0     5     0     0     0     0     0     0     0     0     0     0     0     0     0     0     0     0     0     0     0     0 

    .	    0     0     0     0     0     0     0     0     0     0     0     0     0     0     0     0     0     0     0     0  3949     0     0     0     0     0     0     0     0     0     0     0     0     0     0     0     0     0     0     0     0     0     0     0 

  SYM	    0     0     0     0     0     0     0     0     0     0     0     0     0     0     0     0     0     0     0     0     0     4     0     0     0     0     0     0     0     0     0     0     0     0     0     0     0     0     0     0     0     0     0     0 

    ,	    0     0     0     0     0     0     0     0     0     0     0     0     0     0     0     0     0     0     0     0     0     0  4854     0     0     0     0     0     0     0     0     0     0     0     0     0     0     0     0     0     0     0     0     0 

   RB	    0    60     0     0    14     0     0     0     5   167     0     0    67     1     3     0     1     0     0     1     0     0     0  2815     2     1     0     0     0     1     0     1    24     8    24     0     0     0     0     0     0     0     0     2 

   EX	    0     0     0     0     0     0     0     0     0     0     0     0     0     0     0     0     0     0     0     0     0     0     0     3    81     0     0     0     0     0     0     0     0     0     0     0     0     0     0     0     0     0     0     0 

  VBZ	    0     6     6     0     0     0     0     0     2     0     0     0     0     0     0     0     0     0     0     0     0     0     0     0     0  2209     0     0    48     0     0     6    11     0    11     0     0     0     8     0     0     0     0     0 

    $	    0     0     0     0     0     0     0     0     0     0     0     0     0     0     0     0     0     0     0     0     0     1     0     0     0     0   602     0     0     0     0     0     0     0     0     0     0     0     0     0     0     0     0     0 

    #	    0     0     0     0     0     0     0     0     0     0     0     0     0     0     0     2     0     0     0     0     0     0     0     0     0     0     0     2     0     0     0     0     0     0     0     0     0     0     0     0     0     0     0     0 

  NNS	   63    40     0     0     0     0     0     0     6     0     0     0     0     0     0     0     0     0     0     4     0     0     0     0     0    28     0     0  5533     0     0     0   120    15   150     0     0     0     0     0     0     0     0     0 

  PDT	    0     0     0     0     0     0     0     0     0     0     0     0     0     0     0     0     1     0     0     0     0     0     0     1     0     0     0     0     0    49     0     0     0     0     0     0     0     0     0     0     0     0     0     0 

   ``	    0     0     0     0     0     0     0     0     0     0     0     0     0     0     0     0     0     0     0     0     0     0     0     0     0     0     0     0     0     0   705     0     0     0     0     0     0     0     0     0     0     0     0     0 

  VBP	    0     5     0     0     0     0     0     0    95     0     0     0     0     0     1     0     0     0     0     0     0     0     0     2     0     1     0     0     0     0     0  1062     5     6    32     0     0     0    14     0     0     0     0     0 

  NNP	   91   451     0     1     0     1     2    28     9     7     0     0     0     1     0     4     0     0     0     2     0     0     0    13     0     3     0     0    95     0     0     6  8435    30   651     0     5     0     7     0     0     0     0     8 

  VBN	    0   259     0     0     0     0     0     0     8     0     0     0     0     0     0     0     0     0     0     0     0     0     0     1     0     0     0     0     2     0     0     1    22  1744    19     0     5     0   126     0     0     0     0     0 

   NN	    0   387     0     0     0     2     2     3    31     2     0     0     0     1     0     2     0     0     0     4     0     0     0    11     0     4     0     0    46     1     0    15   553    15 12588     0    58     0     3     0     0     0     0     2 

   TO	    0     0     0     0     0     0     0     0     0     0     0     0     0     0     0     0     0     0     0     0     0     0     0     0     0     0     0     0     0     0     0     0     0     0     0  2247     0     0     0     0     0     0     0     0 

  VBG	    0    76     0     0     0     0     0     0    10     0     0     0     0     0     0     0     0     0     0     1     0     0     0     0     0     0     0     0     1     0     0     4    25    10   116     0  1382     0     3     0     0     0     0     0 

   WP	    0     0     0     0     0     0     0     0     0     0     0     0     0     0     0     0     0     0     0     0     0     0     0     0     0     0     0     0     0     0     0     0     0     0     0     0     0   217     0     0     0     0     0     0 

  VBD	    0    14     0     0     0     0     0     0    10     0     0     0     0     0     0     0     0     0     0     0     0     0     0     0     0     0     0     0     1     0     0     2    18   200    17     0     3     0  2760     0     0     0     0     0 

-RRB-	    0     0     0     0     0     0     0     0     0     0     0     0     0     0     0     0     0     0     0     0     0     0     0     0     0     0     0     0     0     0     0     0     0     0     0     0     0     0     0   135     0     0     0     0 

  WDT	    0     1     0     0     0     0     0     0     0    19     0     0     0     0     0     0     0     0     0     0     0     0     0     0     0     0     0     0     0     0     0     0     0     0     0     0     0     2     0     0   425     0     0     1 

 PRP$	    0     0     0     0     0     0     0     0     0     0     0     0     0     0     0     0     0     0     0     0     0     0     0     0     0     0     0     0     0     0     0     0     0     0     0     0     0     0     0     0     0   898     0     0 

   ''	    0     0     1     0     0     0     0     0     0     0     0     0     0     0     0     0     0     0     0     0     0     0     0     0     0     0     0     0     0     0     0     0     0     0     0     0     0     0     0     0     0     0   687     0 

   DT	    0     2     0     0     0     0     0     0     0    21     0     0     0     0     0     0     5     0     0     0     0     0     0    22     0     0     0     0     0    19     0     0     0     0     6     0     0     0     0     0    56     0     0  8381 

  POS	 Rec.	Prec.	F1
 NNPS	0.3815	0.4612	0.4176
   JJ	0.8090	0.9064	0.8549
  POS	0.9915	0.9936	0.9925
  RBS	0.6721	1.0000	0.8039
  RBR	0.7294	0.7209	0.7251
  PRP	0.9954	0.9919	0.9937
   MD	0.9962	0.9962	0.9962
   FW	0.2000	0.5263	0.2899
   VB	0.9307	0.9392	0.9349
   IN	0.9740	0.9727	0.9734
-LRB-	1.0000	1.0000	1.0000
    :	1.0000	1.0000	1.0000
   RP	0.5897	0.7667	0.6667
  JJS	0.9750	0.8715	0.9204
  JJR	0.8586	0.8793	0.8688
   CD	0.9975	0.9813	0.9893
   CC	0.9962	0.9954	0.9958
  WP$	1.0000	1.0000	1.0000
  WRB	1.0000	0.9953	0.9977
   UH	0.1034	0.3750	0.1622
    .	1.0000	1.0000	1.0000
  SYM	0.8000	1.0000	0.8889
    ,	1.0000	1.0000	1.0000
   RB	0.9049	0.8805	0.8925
   EX	0.9759	0.9643	0.9701
  VBZ	0.9805	0.9575	0.9689
    $	1.0000	0.9983	0.9992
    #	0.1176	0.5000	0.1905
  NNS	0.9540	0.9285	0.9411
  PDT	0.6282	0.9608	0.7597
   ``	1.0000	1.0000	1.0000
  VBP	0.8939	0.8684	0.8810
  NNP	0.8868	0.8563	0.8713
  VBN	0.8417	0.7974	0.8190
   NN	0.9082	0.9168	0.9125
   TO	1.0000	1.0000	1.0000
  VBG	0.9382	0.8489	0.8913
   WP	0.9909	1.0000	0.9954
  VBD	0.9417	0.9124	0.9268
-RRB-	1.0000	1.0000	1.0000
  WDT	0.8727	0.9487	0.9091
 PRP$	0.9923	1.0000	0.9961
   ''	0.9985	0.9985	0.9985
   DT	0.9922	0.9846	0.9884


     	0.8595	0.9022	0.8723
