Learning tags using data from a2_data/sents.train3_trn...
Saving model...
Testing model using data from a2_data/sents.train3_tst...
Took 154665 ms to tag 3984 lines. 
     	 NNPS    JJ   POS   RBS   RBR   PRP    MD    FW    VB    LS    IN -LRB-     :    RP   JJS   JJR    CD    CC   WP$   WRB    UH     .   SYM     ,    RB    EX   VBZ     $     #   NNS   PDT    ``   VBP   NNP   VBN    NN    TO   VBG    WP   VBD -RRB-   WDT  PRP$    ''    DT 
 NNPS	  106     8     0     0     0     0     0     0     0     0     0     0     0     0     0     0     0     0     0     0     0     0     0     0     0     0     0     0     0    89     0     0     0    66     0    18     0     0     0     0     0     0     0     0     0 

   JJ	    0  5680     0     0     1     0     0     1    18     0     6     0     0     0     2     0     4     0     0     0     2     0     0     0    86     0     0     0     0     3     8     0     1   183   128   139     0    29     0     9     0     0     1     0     0 

  POS	    0     0   842     0     0     0     0     0     0     0     0     0     0     0     0     0     0     0     0     0     0     0     0     0     0     0     6     0     0     0     0     0     0     0     0     0     0     0     0     0     0     0     0     0     0 

  RBS	    0     0     0    39     0     0     0     0     0     0     0     0     0     0     9     0     0     0     0     0     0     0     0     0     1     0     0     0     0     0     0     0     0     0     0     0     0     0     0     0     0     0     0     0     0 

  RBR	    0     0     0     0   138     0     0     0     0     0     0     0     0     0     0    33     0     0     0     0     0     0     0     0    10     0     0     0     0     0     0     0     0     0     0     0     0     0     0     0     0     0     0     0     0 

  PRP	    0     0     0     0     0  1934     0     0     0     0     0     0     0     0     0     0     0     0     0     0     0     0     0     0     0     0     0     0     0     0     0     0     0     3     0     1     0     0     0     0     0     0     4     0     0 

   MD	    0     0     0     0     0     0  1090     0     0     0     0     0     0     0     0     0     0     0     0     0     0     0     0     0     0     0     0     0     0     0     0     0     0     1     0     0     0     0     0     1     0     0     0     0     0 

   FW	    0     0     0     0     0     0     0    14     0     0     2     0     0     0     0     0     0     0     0     0     0     0     0     0     0     0     0     0     0     0     0     0     0    12     0     2     0     0     0     0     0     0     0     0     0 

   VB	    0    14     0     0     0     0     1     0  2676     0     1     0     0     0     0     0     0     0     0     0     0     0     0     0     3     0     0     0     0     0     0     0    80     6    11    43     0     0     0     3     0     0     0     0     0 

   LS	    0     0     0     0     0     0     0     0     0     0     0     0     0     0     0     0     0     0     0     0     0     0     5     0     0     0     0     0     0     0     0     0     0     0     0     0     0     0     0     0     0     0     0     0     0 

   IN	    0    17     0     0     0     0     0     0     1     0  9704     0     0    46     0     0     0     2     0     0     0     0     0     0    84     0     0     0     0     0     0     0     0     3     0     1     0     0     0     0     0    10     0     0    29 

-LRB-	    0     0     0     0     0     0     0     0     0     0     0   146     0     0     0     0     0     0     0     0     0     0     0     0     0     0     0     0     0     0     0     0     0     0     0     0     0     0     0     0     0     0     0     0     0 

    :	    0     0     0     0     0     0     0     0     0     0     0     0   487     0     0     0     0     0     0     0     0     0     0     0     0     0     0     0     0     0     0     0     0     0     0     0     0     0     0     0     0     0     0     0     0 

   RP	    0     0     0     0     0     0     0     0     0     0    40     0     0   238     0     0     0     0     0     0     0     0     0     0    15     0     0     0     0     0     0     0     0     0     0     0     0     0     0     0     0     0     0     0     0 

  JJS	    0     3     0     9     0     0     0     0     0     0     0     0     0     0   168     0     0     0     0     0     0     0     0     0     0     0     0     0     0     0     0     0     0     0     0     2     0     0     0     0     0     0     0     0     0 

  JJR	    0     3     0     0    31     0     0     0     0     0     0     0     0     0     0   248     0     0     0     0     0     0     0     0     0     0     0     0     0     0     0     0     0     5     4     4     0     0     0     0     0     0     0     0     0 

   CD	    0     4     0     0     0     3     0     0     0     2     0     0     0     0     0     0  3314     0     0     0     0     0     0     0     0     0     0     0     7     4     1     0     0     2     0     5     0     0     0     0     0     0     0     0     0 

   CC	    0     0     0     0     4     0     0     0     0     0     1     0     0     0     0     0     0  2395     0     0     0     0     0     0     7     0     0     0     0     2     5     0     0     4     0     1     0     0     0     0     0     0     0     0     0 

  WP$	    0     0     0     0     0     0     0     0     0     0     0     0     0     0     0     0     0     0    13     0     0     0     0     0     0     0     0     0     0     0     0     0     0     0     0     0     0     0     0     0     0     0     0     0     0 

  WRB	    0     0     0     0     0     0     0     0     0     0     0     0     0     0     0     0     0     0     0   232     0     0     0     0     0     0     0     0     0     0     0     0     0     0     0     0     0     0     0     0     0     0     0     0     0 

   UH	    0     0     0     0     0     0     0     0     0     0     0     0     0     0     0     0     0     0     0     0     6     0     0     0     0     0     0     0     0     0     0     0     0     4     0     2     0     0     0     0     0     0     0     0     0 

    .	    0     0     0     0     0     0     0     0     0     0     0     0     0     0     0     0     0     0     0     0     0  3967     0     0     0     0     0     0     0     0     0     0     0     0     0     0     0     0     0     0     0     0     0     0     0 

  SYM	    0     0     0     0     0     0     0     0     0     0     0     0     0     0     0     0     0     0     0     0     0     0     5     0     0     0     0     0     0     0     0     0     0     1     0     0     0     0     0     0     0     0     0     0     0 

    ,	    0     0     0     0     0     0     0     0     0     0     0     0     0     0     0     0     0     0     0     0     0     0     0  4745     0     0     0     0     0     0     0     0     0     0     0     0     0     0     0     0     0     0     0     0     0 

   RB	    0    73     0     0    24     0     0     0     4     0   149     0     0    86     0     0     1     1     0     0     0     0     0     0  2820     8     1     0     0     0     1     0     0    25    10    29     0     0     0     1     0     0     0     0    11 

   EX	    0     0     0     0     0     0     0     0     0     0     0     0     0     0     0     0     0     0     0     0     0     0     0     0     4    98     0     0     0     0     0     0     0     0     0     0     0     0     0     0     0     0     0     0     0 

  VBZ	    0     6    15     0     0     0     0     1     5     0     0     0     0     0     0     0     0     0     0     0     0     0     0     0     0     0  2320     0     0    49     0     0     6    13     1     9     0     3     0    15     0     0     0     0     0 

    $	    0     0     0     0     0     0     0     0     0     0     0     0     0     0     0     0     0     0     0     0     0     0     0     0     0     0     0   564     0     0     0     0     0     0     0     0     0     0     0     0     0     0     0     0     0 

    #	    0     0     0     0     0     0     0     0     0     0     0     0     0     0     0     0     5     0     0     0     0     0     0     0     0     0     0     0     1     0     0     0     0     0     0     0     0     0     0     0     0     0     0     0     0 

  NNS	   49    49     0     0     0     0     0     0     1     0     0     0     0     0     0     0     0     0     0     0     0     0     1     0     4     0    31     0     0  5783     0     0     0   141    11   166     0     0     0     1     0     0     0     0     0 

  PDT	    0     0     0     0     0     0     0     0     0     0     0     0     0     0     0     0     0     0     0     0     0     0     0     0     0     0     0     0     0     0    45     0     0     0     0     0     0     0     0     0     0     0     0     0     0 

   ``	    0     0     0     0     0     0     0     0     0     0     0     0     0     0     0     0     0     0     0     0     0     0     0     0     0     0     0     0     0     0     0   734     0     0     0     0     0     0     0     0     0     0     0     0     0 

  VBP	    0     2     0     0     0     1     0     0   105     0     1     0     0     0     0     0     0     0     0     0     0     0     0     0     0     0     1     0     0     0     0     0  1278     3     4    43     0     0     0    15     0     0     0     0     1 

  NNP	   45   315     0     0     0     3     0     3    10     1     4     0     0     0     1     0     7     3     0     0     0     0     1     0     6     0     3     0     0    37     0     0     3  7587     7   698     0     9     0    13     0     0     0     0    13 

  VBN	    0    54     0     0     0     0     0     0     6     0     0     0     0     0     0     0     1     0     0     0     0     0     0     0     2     0     2     0     0     1     0     0     1    15  1745    19     0     5     0   118     0     0     0     0     0 

   NN	    2   310     0     0     0     0     1     1    31     0     0     0     0     0     0     0     6     0     0     0     0     0     0     0    12     0     2     0     0    27     2     0     8   548    12 12223     0    60     0     6     0     0     0     0     0 

   TO	    0     0     0     0     0     0     0     0     0     0     0     0     0     0     0     0     0     0     0     0     0     0     0     0     0     0     0     0     0     0     0     0     0     0     0     0  2214     0     0     0     0     0     0     0     0 

  VBG	    0    65     0     0     0     0     0     0    11     0     0     0     0     0     0     0     0     0     0     0     0     0     0     0     0     0     0     0     0     0     0     0     0    16     8    79     0  1344     0     3     0     0     0     0     0 

   WP	    0     0     0     0     0     0     0     0     0     0     0     0     0     0     0     0     0     0     0     0     0     0     0     0     0     0     0     0     0     0     0     0     0     0     0     0     0     0   245     0     0     0     0     0     0 

  VBD	    0     8     0     0     0     0     0     0     7     0     0     0     0     0     0     0     0     0     0     0     0     0     0     0     0     0     1     0     0     0     0     0     4     8   163     7     0     2     0  2360     0     0     0     0     0 

-RRB-	    0     0     0     0     0     0     0     0     0     0     0     0     0     0     0     0     0     0     0     0     0     0     0     0     0     0     0     0     0     0     0     0     0     0     0     0     0     0     0     0   146     0     0     0     0 

  WDT	    0     1     0     0     0     0     0     0     0     0    28     0     0     0     0     0     0     0     0     0     0     0     0     0     0     0     0     0     0     0     0     0     0     0     0     0     0     0     4     0     0   433     0     0     1 

 PRP$	    0     0     0     0     0     1     0     0     0     0     0     0     0     0     0     0     0     0     0     0     0     0     0     0     0     0     0     0     0     0     0     0     0     0     0     0     0     0     0     0     0     0   791     0     0 

   ''	    0     0     1     0     0     0     0     0     0     0     0     0     0     0     0     0     0     0     0     0     0     0     0     0     0     0     0     0     0     0     0     0     0     0     0     1     0     0     0     0     0     0     0   712     0 

   DT	    0     1     0     0     0     0     0     0     0     0    24     0     0     0     0     0     0     2     0     0     0     0     0     0    19     0     0     0     0     0     6     0     0     0     0     0     0     0     0     0     0    50     0     0  8314 

  POS	 Rec.	Prec.	F1
 NNPS	0.5248	0.3693	0.4335
   JJ	0.8589	0.9014	0.8797
  POS	0.9814	0.9929	0.9871
  RBS	0.8125	0.7959	0.8041
  RBR	0.6970	0.7624	0.7282
  PRP	0.9959	0.9959	0.9959
   MD	0.9982	0.9982	0.9982
   FW	0.7000	0.4667	0.5600
   VB	0.9308	0.9429	0.9368
   LS	0.0000	0.0000	  NaN
   IN	0.9743	0.9805	0.9774
-LRB-	1.0000	1.0000	1.0000
    :	1.0000	1.0000	1.0000
   RP	0.6432	0.8123	0.7179
  JJS	0.9333	0.9231	0.9282
  JJR	0.8826	0.8407	0.8611
   CD	0.9928	0.9916	0.9922
   CC	0.9967	0.9901	0.9934
  WP$	1.0000	1.0000	1.0000
  WRB	1.0000	1.0000	1.0000
   UH	0.7500	0.5000	0.6000
    .	1.0000	1.0000	1.0000
  SYM	0.4167	0.8333	0.5556
    ,	1.0000	1.0000	1.0000
   RB	0.9177	0.8693	0.8928
   EX	0.9245	0.9608	0.9423
  VBZ	0.9801	0.9497	0.9647
    $	1.0000	1.0000	1.0000
    #	0.1250	0.1667	0.1429
  NNS	0.9646	0.9272	0.9456
  PDT	0.6618	1.0000	0.7965
   ``	1.0000	1.0000	1.0000
  VBP	0.9254	0.8790	0.9016
  NNP	0.8775	0.8652	0.8713
  VBN	0.8294	0.8862	0.8569
   NN	0.9059	0.9224	0.9141
   TO	1.0000	1.0000	1.0000
  VBG	0.9256	0.8807	0.9026
   WP	0.9839	1.0000	0.9919
  VBD	0.9273	0.9219	0.9246
-RRB-	1.0000	1.0000	1.0000
  WDT	0.8783	0.9272	0.9021
 PRP$	0.9937	0.9987	0.9962
   ''	1.0000	0.9972	0.9986
   DT	0.9934	0.9879	0.9906


     	0.8645	0.8719	0.8837
