Learning tags using data from a2_data/sents.train1_trn...
Saving model...
Testing model using data from a2_data/sents.train1_tst...
Took 151196 ms to tag 3984 lines. 
     	 NNPS    JJ   POS   RBS   RBR   PRP    MD    FW    VB    LS    IN -LRB-     :    RP   JJS   JJR    CD    CC   WP$   WRB    UH     .   SYM     ,    RB    EX   VBZ     $     #   NNS    ``   PDT   VBP   NNP   VBN    NN    TO   VBG    WP   VBD -RRB-   WDT  PRP$    ''    DT 
 NNPS	  124    14     0     0     0     0     0     0     0     0     0     0     0     0     0     0     0     0     0     0     0     0     0     0     0     0     2     0     0    74     0     0     0    58     0    13     0     0     0     0     0     0     0     0     0 

   JJ	    0  5833     0     0     0     0     0     2    21     0     5     0     0     0     1     0     1     0     0     0     0     0     0     0    54     0     1     0     0     5     0    12     2   206   162   205     0    29     0     6     0     0     0     0     1 

  POS	    0     0   893     0     0     0     0     0     0     0     0     0     0     0     0     0     0     0     0     0     0     0     0     0     0     0     8     0     0     0     0     0     0     0     0     0     0     0     0     0     0     0     0     0     0 

  RBS	    0     0     0    34     0     0     0     0     0     0     0     0     0     0     3     0     0     0     0     0     0     0     0     0     2     0     0     0     0     0     0     0     0     0     0     0     0     0     0     0     0     0     0     0     0 

  RBR	    0     0     0     0   108     0     0     0     0     0     0     0     0     0     0    45     0     0     0     0     0     0     0     0    15     0     0     0     0     0     0     0     0     0     0     0     0     0     0     1     0     0     0     0     0 

  PRP	    0     0     2     0     0  1797     0     1     0     0     0     0     0     0     0     0     0     0     0     0     0     0     0     0     0     0     0     0     0     0     0     0     1     1     0     2     0     0     0     0     0     0     1     0     0 

   MD	    0     0     0     0     0     0   999     0     0     0     0     0     0     0     0     0     0     0     0     0     0     0     0     0     0     0     0     0     0     0     0     0     0     1     0     1     0     0     0     0     0     0     0     0     0 

   FW	    0     1     0     0     0     0     0     6     0     0     1     0     0     0     0     0     0     0     0     0     0     0     0     0     0     0     0     0     0     1     0     0     0    20     1     6     0     0     0     0     0     0     0     0     0 

   VB	    0     8     0     0     1     0     0     0  2586     0     2     0     0     0     0     2     0     0     0     0     1     0     0     0     3     0     0     0     0     0     0     0    73    16     7    34     0     3     0     9     0     0     0     0     0 

   LS	    0     4     0     0     0     0     0     0     0     0     0     0     0     0     0     0     0     0     0     0     0     0     0     0     0     0     0     0     0     0     0     0     0     2     0     0     0     0     0     0     0     0     0     0     0 

   IN	    0     9     0     0     0     0     0     1     0     0  9549     0     0    50     0     0     0     2     0     0     0     0     0     0    66     0     0     0     0     0     0     0     1     5     0     1     0     0     0     0     0    12     0     0    32 

-LRB-	    0     0     0     0     0     0     0     0     0     0     0   167     0     0     0     0     0     0     0     0     0     0     0     0     0     0     0     0     0     0     0     0     0     0     0     0     0     0     0     0     0     0     0     0     0 

    :	    0     0     0     0     0     0     0     0     0     0     0     0   450     0     0     0     0     0     0     0     0     0     0     0     0     0     0     0     0     0     0     0     0     0     0     0     0     0     0     0     0     0     0     0     0 

   RP	    0     0     0     0     0     0     0     0     0     0    42     0     0   218     0     0     0     0     0     0     0     0     0     0    24     0     0     0     0     0     0     0     0     0     0     0     0     0     0     0     0     0     0     0     0 

  JJS	    0     4     0    10     0     0     0     0     0     0     0     0     0     0   176     0     0     0     0     0     0     0     0     0     0     0     0     0     0     0     0     0     0     0     2     0     0     0     0     0     0     0     0     0     0 

  JJR	    0     5     0     0    30     0     0     0     0     0     0     0     0     0     0   297     0     0     0     0     0     0     0     0     2     0     0     0     0     0     0     0     1     1     1     2     0     0     0     0     0     0     0     0     0 

   CD	    0     2     0     0     0     4     0     0     0     0     0     0     0     0     0     0  3433     0     0     0     0     0     0     0     0     0     0     0     4     4     0     0     0     1     0     6     0     0     0     0     0     0     0     0     0 

   CC	    0     0     0     0     1     0     0     0     0     0     1     0     0     0     0     1     0  2399     0     0     0     0     0     0     7     0     0     0     0     0     0     5     0     0     0     0     0     0     0     0     0     0     0     0     9 

  WP$	    0     0     0     0     0     0     0     0     0     0     0     0     0     0     0     0     0     0    19     0     0     0     0     0     0     0     0     0     0     0     0     0     0     0     0     0     0     0     0     0     0     0     0     0     0 

  WRB	    0     0     0     0     0     0     0     0     0     0     0     0     0     0     0     0     0     0     0   204     0     0     0     0     0     0     0     0     0     0     0     0     0     0     0     0     0     0     0     0     0     0     0     0     0 

   UH	    0     0     0     0     0     0     0     0     0     0     0     0     0     0     0     0     0     0     0     0     2     0     0     0     2     0     0     0     0     0     0     0     1     0     0     0     0     0     0     0     0     0     0     0     0 

    .	    0     0     0     0     0     0     0     0     0     0     0     0     0     0     0     0     0     0     0     0     0  3942     0     0     0     0     0     0     0     0     0     0     0     2     0     0     0     0     0     0     0     0     0     0     0 

  SYM	    0     0     0     0     0     0     0     0     0     0     0     0     0     0     0     0     0     1     0     0     0     0     0     0     0     0     0     0     0     0     0     0     0     0     0     0     0     0     0     0     0     0     0     0     0 

    ,	    0     0     0     0     0     0     0     0     0     0     0     0     0     0     0     0     0     0     0     0     0     0     0  4766     0     0     0     0     0     0     0     0     0     0     0     0     0     0     0     0     0     0     0     0     1 

   RB	    0    63     0     0    18     0     0     1    10     0   163     0     0   103     0     0     2     0     0     0     3     0     0     0  2700     2     1     0     0     1     0     1     2    21    11    23     0     0     0     0     0     0     0     0     8 

   EX	    0     0     0     0     0     0     0     0     0     0     0     0     0     0     0     0     0     0     0     0     0     0     0     0     0    70     0     0     0     0     0     0     0     0     0     0     0     0     0     0     0     0     0     0     0 

  VBZ	    0    11    11     0     0     0     0     0     2     1     0     0     0     0     0     0     0     0     0     0     0     0     0     0     0     0  2010     0     0    42     0     0     1    15     2    11     0     4     0    22     0     0     0     0     0 

    $	    0     0     0     0     0     0     0     0     1     0     0     0     0     0     0     0     0     0     0     0     0     0     0     0     0     0     0   594     0     0     0     0     0     0     0     0     0     0     0     0     0     0     0     0     0 

    #	    0     0     0     0     0     0     0     0     0     0     0     0     0     0     0     0    25     0     0     0     0     0     0     0     0     0     0     0     2     0     0     0     0     0     0     0     0     0     0     0     0     0     0     0     0 

  NNS	   77    43     0     0     0     0     0     0     6     0     0     0     0     0     0     0     1     0     0     0     0     0     0     0     4     0    38     0     0  5585     0     0     0   138    12   164     0     1     0     2     0     0     0     0     0 

   ``	    0     0     0     0     0     0     0     0     0     0     0     0     0     0     0     0     0     0     0     0     0     0     0     0     0     0     0     0     0     0   708     0     1     0     0     0     0     0     0     0     0     0     0     0     0 

  PDT	    0     0     0     0     0     0     0     0     0     0     0     0     0     0     0     0     0     0     0     0     0     0     0     0     0     0     0     0     0     0     0    33     0     0     0     0     0     0     0     0     0     0     0     0     0 

  VBP	    0     4     0     0     0     0     1     0    89     0     1     0     0     0     0     0     0     0     0     0     0     0     0     0     0     0     1     0     0     1     0     0  1096    11     4    44     0     2     0     6     0     0     0     0     0 

  NNP	   61   366     0     0     0     1     1     5    15     1     0     0     0     0     0     1     2     0     0     0     0     0     0     0     7     0     6     0     0    76     0     0     1  7619    19   759     0     6     0    11     0     0     0     0     4 

  VBN	    0    75     0     0     0     0     0     0     5     0     0     0     0     0     0     0     0     0     0     0     0     0     0     0     2     0     1     0     0     3     0     0     1    13  1616    26     0     3     0   127     0     0     0     0     0 

   NN	    0   314     0     0     0     2     1     1    24     0     1     0     0     0     0     0     6     0     0     0     0     0     0     0     7     0     5     0     0    23     0     0    14   544    12 12194     0    57     0     6     0     0     0     0     2 

   TO	    0     0     0     0     0     0     0     0     0     0     0     0     0     0     0     0     0     0     0     0     0     0     0     0     0     0     0     0     0     0     0     0     0     0     0     0  2259     0     0     0     0     0     0     0     0 

  VBG	    0    60     0     0     0     0     0     0     8     0     0     0     0     0     0     0     0     0     0     0     0     0     0     0     1     0     1     0     0     1     0     0     0    19    13   104     0  1323     0     4     0     0     0     0     0 

   WP	    0     0     0     0     0     0     0     0     0     0     0     0     0     0     0     0     0     0     0     0     0     0     0     0     0     0     0     0     0     0     0     0     0     0     0     0     0     0   247     0     0     0     0     0     0 

  VBD	    0    13     0     0     0     0     2     1     7     0     0     0     0     0     0     0     0     0     0     0     0     0     0     0     0     0     1     0     0     0     0     0     3    16   166    11     0     3     0  2777     0     0     0     0     0 

-RRB-	    0     0     0     0     0     0     0     0     0     0     0     0     0     0     0     0     0     0     0     0     0     0     0     0     0     0     0     0     0     0     0     0     0     0     0     0     0     0     0     0   168     0     0     0     0 

  WDT	    0     0     0     0     0     0     0     0     0     0    25     0     0     0     0     0     0     0     0     0     0     0     0     0     0     0     0     0     0     0     0     0     0     0     0     0     0     0     5     0     0   442     0     0     0 

 PRP$	    0     0     0     0     0     1     0     0     0     0     0     0     0     0     0     0     0     0     0     0     0     0     0     0     0     0     0     0     0     0     0     0     0     1     0     0     0     0     0     0     0     0   874     0     0 

   ''	    0     0     4     0     0     0     0     0     0     0     0     0     0     0     0     0     0     0     0     0     0     0     0     0     0     0     0     0     0     0     0     0     0     0     0     0     0     0     0     0     0     0     0   686     0 

   DT	    0     1     0     0     0     0     0     0     0     0    28     0     0     0     0     0     0     2     0     0     0     0     0     0    15     0     0     0     0     0     0    18     0     0     0     0     0     0     0     0     0    44     0     0  8181 

  POS	 Rec.	Prec.	F1
 NNPS	0.4733	0.4351	0.4534
   JJ	0.8540	0.8911	0.8722
  POS	0.9813	0.9911	0.9862
  RBS	0.7727	0.8718	0.8193
  RBR	0.6835	0.6391	0.6606
  PRP	0.9956	0.9956	0.9956
   MD	0.9950	0.9980	0.9965
   FW	0.3333	0.1667	0.2222
   VB	0.9322	0.9421	0.9371
   LS	0.0000	0.0000	  NaN
   IN	0.9726	0.9816	0.9771
-LRB-	1.0000	1.0000	1.0000
    :	1.0000	1.0000	1.0000
   RP	0.5876	0.7676	0.6656
  JJS	0.9778	0.9167	0.9462
  JJR	0.8584	0.8761	0.8672
   CD	0.9893	0.9939	0.9916
   CC	0.9979	0.9901	0.9940
  WP$	1.0000	1.0000	1.0000
  WRB	1.0000	1.0000	1.0000
   UH	0.3333	0.4000	0.3636
    .	1.0000	0.9995	0.9997
  SYM	  NaN	0.0000	  NaN
    ,	1.0000	0.9998	0.9999
   RB	0.9275	0.8618	0.8934
   EX	0.9722	1.0000	0.9859
  VBZ	0.9687	0.9428	0.9556
    $	1.0000	0.9983	0.9992
    #	0.3333	0.0741	0.1212
  NNS	0.9603	0.9199	0.9397
   ``	1.0000	0.9986	0.9993
  PDT	0.4783	1.0000	0.6471
  VBP	0.9149	0.8698	0.8918
  NNP	0.8747	0.8502	0.8623
  VBN	0.7968	0.8632	0.8287
   NN	0.8962	0.9229	0.9094
   TO	1.0000	1.0000	1.0000
  VBG	0.9245	0.8625	0.8924
   WP	0.9802	1.0000	0.9900
  VBD	0.9347	0.9257	0.9302
-RRB-	1.0000	1.0000	1.0000
  WDT	0.8876	0.9364	0.9113
 PRP$	0.9989	0.9977	0.9983
   ''	1.0000	0.9942	0.9971
   DT	0.9931	0.9870	0.9900


     	0.8541	0.8414	0.8719
