Learning tags using data from a2_data/sents.train4_trn...
Saving model...
Testing model using data from a2_data/sents.train4_tst...
Took 150758 ms to tag 3984 lines. 
     	 NNPS    JJ   POS   RBS   RBR   PRP    MD    FW    VB    IN -LRB-     :    RP   JJS   JJR    CD    CC   WP$   WRB    UH     .   SYM     ,    RB    EX   VBZ     $     #   NNS   PDT    ``   VBP   NNP   VBN    NN    TO   VBG    WP   VBD -RRB-   WDT  PRP$    ''    DT 
 NNPS	  166    11     0     0     0     0     0     0     0     0     0     0     0     0     0     0     0     0     0     0     0     0     0     0     0     2     0     0   128     0     0     0    72     1    14     0     0     0     0     0     0     0     0     0 

   JJ	    0  5557     0     0     1     0     0     0    15     4     0     0     0     0     0     1     0     0     0     1     0     0     0    76     0     2     0     0     7     3     0     5   227    74   124     0    21     0     3     0     0     0     0     1 

  POS	    0     0   867     0     0     0     0     0     0     0     0     0     0     0     0     0     0     0     0     0     0     0     0     0     0    12     0     0     0     0     0     0     0     0     0     0     0     0     0     0     0     0     2     0 

  RBS	    0     0     0    30     0     0     0     0     0     0     0     0     0     3     0     0     0     0     0     0     0     0     0     2     0     0     0     0     0     0     0     0     0     0     0     0     0     0     0     0     0     0     0     0 

  RBR	    0     0     0     0   136     0     0     0     0     0     0     0     0     0    62     0     0     0     0     0     0     0     0     6     0     0     0     0     0     0     0     0     2     0     1     0     0     0     0     0     0     0     0     0 

  PRP	    0     1     0     0     0  1677     0     0     0     0     0     0     0     0     0     0     0     0     0     0     0     0     0     0     0     1     0     0     0     0     0     0     2     0     0     0     0     0     0     0     0     6     0     0 

   MD	    0     0     0     0     0     0  1099     0     0     0     0     0     0     0     0     0     0     0     0     0     0     0     0     0     0     0     0     0     0     0     0     0     1     0     1     0     0     0     1     0     0     0     0     0 

   FW	    0     1     0     0     0     0     0     7     0     2     0     0     0     0     0     0     1     0     0     0     0     0     0     0     0     0     0     0     2     0     0     0     5     0     4     0     0     0     0     0     0     0     0     1 

   VB	    0    13     0     0     0     0     0     0  2632     1     0     0     0     0     3     0     0     0     0     1     0     0     0     3     0     0     0     0     0     0     0    74    14     8    43     0     4     0     4     0     0     0     0     0 

   IN	    0     7     0     0     0     0     0     0     0  9461     0     0    49     0     0     0     0     0     0     0     0     0     0   111     0     0     0     0     0     0     0     0     1     0     0     0     1     0     0     0    15     0     0    30 

-LRB-	    0     0     0     0     0     0     0     0     0     0   140     0     0     0     0     0     0     0     0     0     0     0     0     0     0     0     0     0     0     0     0     0     0     0     0     0     0     0     0     0     0     0     0     0 

    :	    0     0     0     0     0     0     0     0     0     0     0   479     0     0     0     0     0     0     0     0     0     0     0     0     0     0     0     0     0     0     0     0     0     0     0     0     0     0     0     0     0     0     0     0 

   RP	    0     0     0     0     0     0     0     0     0    25     0     0   187     0     0     0     0     0     0     0     0     0     0    17     0     0     0     0     0     0     0     0     0     0     0     0     0     0     0     0     0     0     0     0 

  JJS	    0     4     0    12     0     0     0     0     0     0     0     0     0   187     1     0     0     0     0     0     0     0     0     0     0     0     0     0     0     0     0     0     0     0     0     0     0     0     0     0     0     0     0     0 

  JJR	    0     9     0     0    28     0     0     0     0     0     0     0     0     0   269     0     0     0     0     0     0     0     0     3     0     0     0     0     1     0     0     0     1     0     2     0     0     0     0     0     0     0     0     0 

   CD	    0    12     0     0     0     5     0     0     1     0     0     0     0     0     0  3614     0     0     0     0     0     0     0     0     0     0     0    14    14     0     0     0     6     0     6     0     0     0     0     0     0     0     0     0 

   CC	    0     0     0     0     3     0     0     0     0     0     0     0     0     0     0     0  2394     0     0     0     0     0     0     3     0     0     0     0     0     0     0     0     0     0     0     0     0     0     0     0     0     0     0     2 

  WP$	    0     0     0     0     0     0     0     0     0     0     0     0     0     0     0     0     0    12     0     0     0     0     0     0     0     0     0     0     0     0     0     0     0     0     0     0     0     0     0     0     0     0     0     0 

  WRB	    0     0     0     0     0     0     0     0     0     0     0     0     0     0     0     0     0     0   219     0     0     0     0     0     0     0     0     0     0     0     0     0     0     0     0     0     0     0     0     0     0     0     0     0 

   UH	    0     0     0     0     0     0     0     0     0     0     0     0     0     0     0     0     0     0     0     5     0     0     0     2     0     0     0     0     0     0     0     0     1     0     1     0     0     0     0     0     0     0     0     0 

    .	    0     0     0     0     0     0     0     0     0     0     0     0     0     0     0     0     0     0     0     0  3942     0     0     0     0     0     0     0     0     0     0     0     0     0     0     0     0     0     0     0     0     0     0     0 

  SYM	    0     0     0     0     0     0     0     0     0     0     0     0     0     0     0     0     0     0     0     0     0     4     0     0     0     0     0     0     0     0     0     0     0     0     0     0     0     0     0     0     0     0     0     0 

    ,	    0     0     0     0     0     0     0     0     0     0     0     0     0     0     0     0     0     0     0     0     0     0  5054     0     0     0     0     0     0     0     0     0     0     0     0     0     0     0     0     0     0     0     0     0 

   RB	    0    62     0     0    23     0     0     0     6    65     0     0    57     0     4     0     3     0     0     3     0     0     0  2670     4     1     0     0     1     0     0     2    23    10    24     0     1     0     0     0     0     0     0     8 

   EX	    0     0     0     0     0     0     0     0     0     0     0     0     0     0     0     0     0     0     0     0     0     0     0     0    87     0     0     0     0     0     0     0     0     0     0     0     0     0     0     0     0     0     0     0 

  VBZ	    0     8     8     0     0     0     0     0     9     0     0     0     0     0     0     0     0     0     0     0     0     0     0     0     0  2171     0     0    56     0     0     1    12     1     8     0     4     0    13     0     0     0     0     0 

    $	    0     0     0     0     0     0     0     0     0     0     0     0     0     0     0     0     0     0     0     0     0     0     0     0     0     0   749     0     0     0     0     0     0     0     0     0     0     0     0     0     0     0     0     0 

    #	    0     0     0     0     0     0     0     0     0     0     0     0     0     0     0     2     0     0     0     0     0     0     0     0     0     0     0     0     0     0     0     0     0     0     0     0     0     0     0     0     0     0     0     0 

  NNS	   42    32     0     0     0     0     0     0     4     0     0     0     0     0     0     0     0     0     0     0     0     0     0     0     0    19     0     0  5397     0     0     1   119     7   110     0     1     0     1     0     0     0     0     0 

  PDT	    0     0     0     0     0     0     0     0     0     0     0     0     0     0     0     0     0     0     0     0     0     0     0     0     0     0     0     0     0    31     0     0     0     0     0     0     1     0     0     0     0     0     0     0 

   ``	    0     0     0     0     0     0     0     0     0     0     0     0     0     0     0     0     0     0     0     0     0     0     0     0     0     0     0     0     0     0   806     0     0     0     0     0     0     0     0     0     0     0     0     0 

  VBP	    0     2     0     0     0     0     0     0    54     0     0     0     0     0     0     0     0     0     0     0     0     0     0     1     0     2     0     0     1     0     0  1122     8     7    36     0     0     0    14     0     0     0     0     0 

  NNP	   24   522     0     0     0     1     2     0    13     5     0     0     0     0     1     5     1     0     0     0     0     0     0    12     0     4     0     0    34     0     0     4  8299     8   794     0     5     0     4     0     0     1     0    18 

  VBN	    0   137     0     0     0     0     0     0     6     0     0     0     0     0     0     0     0     0     0     0     0     0     0     2     0     0     0     0     0     0     0     2    15  1682    20     0     6     0   139     0     0     0     0     0 

   NN	    0   325     0     0     0     4     0     0    32     2     0     0     2     0     0     6     0     0     0     0     0     3     0     8     0     0     0     0    20     2     0    11   534    10 12185     0    61     0     7     0     0     0     0     1 

   TO	    0     0     0     0     0     0     0     0     0     0     0     0     0     0     0     0     0     0     0     0     0     0     0     0     0     0     0     0     0     0     0     0     0     0     0  2282     0     0     0     0     0     0     0     0 

  VBG	    0    80     0     0     0     0     0     0     6     0     0     0     0     0     0     0     0     0     0     0     0     0     0     0     0     1     0     0     1     0     0     2    27    11   113     0  1324     0     3     0     0     0     0     0 

   WP	    0     0     0     0     0     0     0     0     0     0     0     0     0     0     0     0     0     0     0     0     0     0     0     0     0     0     0     0     0     0     0     0     1     0     0     0     0   269     0     0     0     0     0     0 

  VBD	    0    11     0     0     0     0     1     0     6     0     0     0     0     0     0     0     0     0     0     0     0     0     0     0     0     0     0     0     0     0     0     4    13   163     5     0     2     0  2624     0     0     0     0     0 

-RRB-	    0     0     0     0     0     0     0     0     0     0     0     0     0     0     0     0     0     0     0     0     0     0     0     0     0     0     0     0     0     0     0     0     0     0     0     0     0     0     0   140     0     0     0     0 

  WDT	    0     0     0     0     0     0     0     0     0    12     0     0     0     0     0     0     0     0     0     0     0     0     0     0     0     0     0     0     0     0     0     0     0     0     0     0     0     3     0     0   412     0     0     1 

 PRP$	    0     0     0     0     0     0     0     0     0     0     0     0     0     0     0     0     0     0     0     0     0     0     0     0     0     0     0     0     0     0     0     0     0     0     0     0     0     0     0     0     0   855     0     0 

   ''	    0     0     2     0     0     0     0     0     0     0     0     0     0     0     0     0     0     0     0     0     0     0     0     0     0     0     0     0     0     0     0     0     0     0     0     0     0     0     0     0     0     0   780     0 

   DT	    0     2     0     0     0     1     0     0     0    19     0     0     0     0     0     0     5     0     0     0     0     0     0    20     0     0     0     0     0     7     0     0     0     0     4     0     0     0     0     0    43     0     0  8174 

  POS	 Rec.	Prec.	F1
 NNPS	0.7155	0.4213	0.5304
   JJ	0.8177	0.9077	0.8603
  POS	0.9886	0.9841	0.9863
  RBS	0.7143	0.8571	0.7792
  RBR	0.7120	0.6570	0.6834
  PRP	0.9935	0.9941	0.9938
   MD	0.9973	0.9973	0.9973
   FW	1.0000	0.3043	0.4667
   VB	0.9454	0.9400	0.9427
   IN	0.9859	0.9779	0.9819
-LRB-	1.0000	1.0000	1.0000
    :	1.0000	1.0000	1.0000
   RP	0.6339	0.8166	0.7137
  JJS	0.9842	0.9167	0.9492
  JJR	0.7912	0.8594	0.8239
   CD	0.9961	0.9842	0.9901
   CC	0.9958	0.9967	0.9963
  WP$	1.0000	1.0000	1.0000
  WRB	1.0000	1.0000	1.0000
   UH	0.5000	0.5556	0.5263
    .	1.0000	1.0000	1.0000
  SYM	0.5714	1.0000	0.7273
    ,	1.0000	1.0000	1.0000
   RB	0.9094	0.8999	0.9046
   EX	0.9560	1.0000	0.9775
  VBZ	0.9801	0.9476	0.9636
    $	1.0000	1.0000	1.0000
    #	0.0000	0.0000	  NaN
  NNS	0.9532	0.9414	0.9473
  PDT	0.7209	0.9688	0.8267
   ``	1.0000	1.0000	1.0000
  VBP	0.9137	0.8998	0.9067
  NNP	0.8845	0.8506	0.8672
  VBN	0.8486	0.8372	0.8429
   NN	0.9029	0.9222	0.9125
   TO	1.0000	1.0000	1.0000
  VBG	0.9252	0.8444	0.8830
   WP	0.9890	0.9963	0.9926
  VBD	0.9328	0.9275	0.9302
-RRB-	1.0000	1.0000	1.0000
  WDT	0.8766	0.9626	0.9176
 PRP$	0.9919	1.0000	0.9959
   ''	0.9974	0.9974	0.9974
   DT	0.9925	0.9878	0.9901


     	0.8890	0.8899	0.9024
